0 0 373
0 1 373
0 2 373
0 3 373
0 4 373
0 5 373
0 6 373
0 7 373
0 8 373
0 9 373
0 10 373
0 11 373
0 12 373
0 13 373
0 14 373
0 15 373
0 16 373
0 17 373
0 18 373
0 19 373
0 20 373
0 21 373
0 22 373
0 23 373
0 24 373
0 25 373
0 26 373
0 27 373
0 28 373
0 29 373
0 30 373
0 31 373
0 32 373
0 33 373
0 34 373
0 35 373
0 36 373
0 37 373
0 38 373
0 39 373
0 40 373
0 41 373
0 42 373
0 43 373
0 44 373
0 45 373
0 46 373
0 47 373
0 48 373
0 49 373
1 0 373
1 1 372.852
1 2 372.704
1 3 372.557
1 4 372.412
1 5 372.27
1 6 372.131
1 7 371.995
1 8 371.864
1 9 371.737
1 10 371.615
1 11 371.5
1 12 371.39
1 13 371.287
1 14 371.192
1 15 371.103
1 16 371.023
1 17 370.95
1 18 370.886
1 19 370.831
1 20 370.785
1 21 370.747
1 22 370.719
1 23 370.7
1 24 370.691
1 25 370.691
1 26 370.7
1 27 370.719
1 28 370.747
1 29 370.785
1 30 370.831
1 31 370.886
1 32 370.95
1 33 371.023
1 34 371.103
1 35 371.192
1 36 371.287
1 37 371.39
1 38 371.5
1 39 371.615
1 40 371.737
1 41 371.864
1 42 371.995
1 43 372.131
1 44 372.27
1 45 372.412
1 46 372.557
1 47 372.704
1 48 372.852
1 49 373
2 0 373
2 1 372.704
2 2 372.409
2 3 372.116
2 4 371.827
2 5 371.543
2 6 371.265
2 7 370.994
2 8 370.732
2 9 370.479
2 10 370.237
2 11 370.006
2 12 369.787
2 13 369.582
2 14 369.391
2 15 369.214
2 16 369.054
2 17 368.909
2 18 368.782
2 19 368.671
2 20 368.579
2 21 368.504
2 22 368.448
2 23 368.411
2 24 368.392
2 25 368.392
2 26 368.411
2 27 368.448
2 28 368.504
2 29 368.579
2 30 368.671
2 31 368.782
2 32 368.909
2 33 369.054
2 34 369.214
2 35 369.391
2 36 369.582
2 37 369.787
2 38 370.006
2 39 370.237
2 40 370.479
2 41 370.732
2 42 370.994
2 43 371.265
2 44 371.543
2 45 371.827
2 46 372.116
2 47 372.409
2 48 372.704
2 49 373
3 0 373
3 1 372.557
3 2 372.116
3 3 371.678
3 4 371.246
3 5 370.822
3 6 370.406
3 7 370.002
3 8 369.61
3 9 369.232
3 10 368.869
3 11 368.524
3 12 368.197
3 13 367.891
3 14 367.605
3 15 367.341
3 16 367.101
3 17 366.885
3 18 366.695
3 19 366.53
3 20 366.391
3 21 366.28
3 22 366.196
3 23 366.14
3 24 366.112
3 25 366.112
3 26 366.14
3 27 366.196
3 28 366.28
3 29 366.391
3 30 366.53
3 31 366.695
3 32 366.885
3 33 367.101
3 34 367.341
3 35 367.605
3 36 367.891
3 37 368.197
3 38 368.524
3 39 368.869
3 40 369.232
3 41 369.61
3 42 370.002
3 43 370.406
3 44 370.822
3 45 371.246
3 46 371.678
3 47 372.116
3 48 372.557
3 49 373
4 0 373
4 1 372.412
4 2 371.827
4 3 371.246
4 4 370.673
4 5 370.11
4 6 369.559
4 7 369.022
4 8 368.502
4 9 368
4 10 367.519
4 11 367.061
4 12 366.628
4 13 366.221
4 14 365.842
4 15 365.492
4 16 365.174
4 17 364.887
4 18 364.634
4 19 364.415
4 20 364.232
4 21 364.084
4 22 363.972
4 23 363.898
4 24 363.861
4 25 363.861
4 26 363.898
4 27 363.972
4 28 364.084
4 29 364.232
4 30 364.415
4 31 364.634
4 32 364.887
4 33 365.174
4 34 365.492
4 35 365.842
4 36 366.221
4 37 366.628
4 38 367.061
4 39 367.519
4 40 368
4 41 368.502
4 42 369.022
4 43 369.559
4 44 370.11
4 45 370.673
4 46 371.246
4 47 371.827
4 48 372.412
4 49 373
5 0 373
5 1 372.27
5 2 371.543
5 3 370.822
5 4 370.11
5 5 369.41
5 6 368.726
5 7 368.059
5 8 367.412
5 9 366.789
5 10 366.192
5 11 365.623
5 12 365.085
5 13 364.579
5 14 364.109
5 15 363.674
5 16 363.279
5 17 362.923
5 18 362.608
5 19 362.337
5 20 362.108
5 21 361.925
5 22 361.787
5 23 361.694
5 24 361.648
5 25 361.648
5 26 361.694
5 27 361.787
5 28 361.925
5 29 362.108
5 30 362.337
5 31 362.608
5 32 362.923
5 33 363.279
5 34 363.674
5 35 364.109
5 36 364.579
5 37 365.085
5 38 365.623
5 39 366.192
5 40 366.789
5 41 367.412
5 42 368.059
5 43 368.726
5 44 369.41
5 45 370.11
5 46 370.822
5 47 371.543
5 48 372.27
5 49 373
6 0 373
6 1 372.131
6 2 371.265
6 3 370.406
6 4 369.559
6 5 368.726
6 6 367.91
6 7 367.116
6 8 366.347
6 9 365.605
6 10 364.894
6 11 364.216
6 12 363.575
6 13 362.973
6 14 362.412
6 15 361.895
6 16 361.424
6 17 361.001
6 18 360.626
6 19 360.303
6 20 360.031
6 21 359.812
6 22 359.648
6 23 359.537
6 24 359.482
6 25 359.482
6 26 359.537
6 27 359.648
6 28 359.812
6 29 360.031
6 30 360.303
6 31 360.626
6 32 361.001
6 33 361.424
6 34 361.895
6 35 362.412
6 36 362.973
6 37 363.575
6 38 364.216
6 39 364.894
6 40 365.605
6 41 366.347
6 42 367.116
6 43 367.91
6 44 368.726
6 45 369.559
6 46 370.406
6 47 371.265
6 48 372.131
6 49 373
7 0 373
7 1 371.995
7 2 370.994
7 3 370.002
7 4 369.022
7 5 368.059
7 6 367.116
7 7 366.198
7 8 365.309
7 9 364.451
7 10 363.629
7 11 362.846
7 12 362.105
7 13 361.409
7 14 360.761
7 15 360.163
7 16 359.618
7 17 359.128
7 18 358.696
7 19 358.321
7 20 358.007
7 21 357.755
7 22 357.564
7 23 357.437
7 24 357.373
7 25 357.373
7 26 357.437
7 27 357.564
7 28 357.755
7 29 358.007
7 30 358.321
7 31 358.696
7 32 359.128
7 33 359.618
7 34 360.163
7 35 360.761
7 36 361.409
7 37 362.105
7 38 362.846
7 39 363.629
7 40 364.451
7 41 365.309
7 42 366.198
7 43 367.116
7 44 368.059
7 45 369.022
7 46 370.002
7 47 370.994
7 48 371.995
7 49 373
8 0 373
8 1 371.864
8 2 370.732
8 3 369.61
8 4 368.502
8 5 367.412
8 6 366.347
8 7 365.309
8 8 364.303
8 9 363.333
8 10 362.403
8 11 361.518
8 12 360.68
8 13 359.893
8 14 359.16
8 15 358.484
8 16 357.868
8 17 357.314
8 18 356.825
8 19 356.402
8 20 356.047
8 21 355.761
8 22 355.545
8 23 355.401
8 24 355.329
8 25 355.329
8 26 355.401
8 27 355.545
8 28 355.761
8 29 356.047
8 30 356.402
8 31 356.825
8 32 357.314
8 33 357.868
8 34 358.484
8 35 359.16
8 36 359.893
8 37 360.68
8 38 361.518
8 39 362.403
8 40 363.333
8 41 364.303
8 42 365.309
8 43 366.347
8 44 367.412
8 45 368.502
8 46 369.61
8 47 370.732
8 48 371.864
8 49 373
9 0 373
9 1 371.737
9 2 370.479
9 3 369.232
9 4 368
9 5 366.789
9 6 365.605
9 7 364.451
9 8 363.333
9 9 362.255
9 10 361.222
9 11 360.237
9 12 359.306
9 13 358.431
9 14 357.617
9 15 356.865
9 16 356.181
9 17 355.565
9 18 355.021
9 19 354.551
9 20 354.156
9 21 353.839
9 22 353.599
9 23 353.439
9 24 353.359
9 25 353.359
9 26 353.439
9 27 353.599
9 28 353.839
9 29 354.156
9 30 354.551
9 31 355.021
9 32 355.565
9 33 356.181
9 34 356.865
9 35 357.617
9 36 358.431
9 37 359.306
9 38 360.237
9 39 361.222
9 40 362.255
9 41 363.333
9 42 364.451
9 43 365.605
9 44 366.789
9 45 368
9 46 369.232
9 47 370.479
9 48 371.737
9 49 373
10 0 373
10 1 371.615
10 2 370.237
10 3 368.869
10 4 367.519
10 5 366.192
10 6 364.894
10 7 363.629
10 8 362.403
10 9 361.222
10 10 360.089
10 11 359.01
10 12 357.989
10 13 357.03
10 14 356.137
10 15 355.314
10 16 354.563
10 17 353.889
10 18 353.292
10 19 352.777
10 20 352.344
10 21 351.996
10 22 351.734
10 23 351.558
10 24 351.47
10 25 351.47
10 26 351.558
10 27 351.734
10 28 351.996
10 29 352.344
10 30 352.777
10 31 353.292
10 32 353.889
10 33 354.563
10 34 355.314
10 35 356.137
10 36 357.03
10 37 357.989
10 38 359.01
10 39 360.089
10 40 361.222
10 41 362.403
10 42 363.629
10 43 364.894
10 44 366.192
10 45 367.519
10 46 368.869
10 47 370.237
10 48 371.615
10 49 373
11 0 373
11 1 371.5
11 2 370.006
11 3 368.524
11 4 367.061
11 5 365.623
11 6 364.216
11 7 362.846
11 8 361.518
11 9 360.237
11 10 359.01
11 11 357.841
11 12 356.735
11 13 355.696
11 14 354.728
11 15 353.836
11 16 353.023
11 17 352.291
11 18 351.645
11 19 351.087
11 20 350.618
11 21 350.241
11 22 349.956
11 23 349.766
11 24 349.671
11 25 349.671
11 26 349.766
11 27 349.956
11 28 350.241
11 29 350.618
11 30 351.087
11 31 351.645
11 32 352.291
11 33 353.023
11 34 353.836
11 35 354.728
11 36 355.696
11 37 356.735
11 38 357.841
11 39 359.01
11 40 360.237
11 41 361.518
11 42 362.846
11 43 364.216
11 44 365.623
11 45 367.061
11 46 368.524
11 47 370.006
11 48 371.5
11 49 373
12 0 373
12 1 371.39
12 2 369.787
12 3 368.197
12 4 366.628
12 5 365.085
12 6 363.575
12 7 362.105
12 8 360.68
12 9 359.306
12 10 357.989
12 11 356.735
12 12 355.548
12 13 354.433
12 14 353.395
12 15 352.437
12 16 351.565
12 17 350.78
12 18 350.087
12 19 349.488
12 20 348.985
12 21 348.58
12 22 348.275
12 23 348.071
12 24 347.969
12 25 347.969
12 26 348.071
12 27 348.275
12 28 348.58
12 29 348.985
12 30 349.488
12 31 350.087
12 32 350.78
12 33 351.565
12 34 352.437
12 35 353.395
12 36 354.433
12 37 355.548
12 38 356.735
12 39 357.989
12 40 359.306
12 41 360.68
12 42 362.105
12 43 363.575
12 44 365.085
12 45 366.628
12 46 368.197
12 47 369.787
12 48 371.39
12 49 373
13 0 373
13 1 371.287
13 2 369.582
13 3 367.891
13 4 366.221
13 5 364.579
13 6 362.973
13 7 361.409
13 8 359.893
13 9 358.431
13 10 357.03
13 11 355.696
13 12 354.433
13 13 353.247
13 14 352.142
13 15 351.124
13 16 350.195
13 17 349.361
13 18 348.623
13 19 347.986
13 20 347.45
13 21 347.02
13 22 346.695
13 23 346.478
13 24 346.37
13 25 346.37
13 26 346.478
13 27 346.695
13 28 347.02
13 29 347.45
13 30 347.986
13 31 348.623
13 32 349.361
13 33 350.195
13 34 351.124
13 35 352.142
13 36 353.247
13 37 354.433
13 38 355.696
13 39 357.03
13 40 358.431
13 41 359.893
13 42 361.409
13 43 362.973
13 44 364.579
13 45 366.221
13 46 367.891
13 47 369.582
13 48 371.287
13 49 373
14 0 373
14 1 371.192
14 2 369.391
14 3 367.605
14 4 365.842
14 5 364.109
14 6 362.412
14 7 360.761
14 8 359.16
14 9 357.617
14 10 356.137
14 11 354.728
14 12 353.395
14 13 352.142
14 14 350.976
14 15 349.901
14 16 348.92
14 17 348.039
14 18 347.26
14 19 346.587
14 20 346.022
14 21 345.567
14 22 345.225
14 23 344.995
14 24 344.881
14 25 344.881
14 26 344.995
14 27 345.225
14 28 345.567
14 29 346.022
14 30 346.587
14 31 347.26
14 32 348.039
14 33 348.92
14 34 349.901
14 35 350.976
14 36 352.142
14 37 353.395
14 38 354.728
14 39 356.137
14 40 357.617
14 41 359.16
14 42 360.761
14 43 362.412
14 44 364.109
14 45 365.842
14 46 367.605
14 47 369.391
14 48 371.192
14 49 373
15 0 373
15 1 371.103
15 2 369.214
15 3 367.341
15 4 365.492
15 5 363.674
15 6 361.895
15 7 360.163
15 8 358.484
15 9 356.865
15 10 355.314
15 11 353.836
15 12 352.437
15 13 351.124
15 14 349.901
15 15 348.773
15 16 347.745
15 17 346.82
15 18 346.003
15 19 345.297
15 20 344.705
15 21 344.228
15 22 343.868
15 23 343.628
15 24 343.508
15 25 343.508
15 26 343.628
15 27 343.868
15 28 344.228
15 29 344.705
15 30 345.297
15 31 346.003
15 32 346.82
15 33 347.745
15 34 348.773
15 35 349.901
15 36 351.124
15 37 352.437
15 38 353.836
15 39 355.314
15 40 356.865
15 41 358.484
15 42 360.163
15 43 361.895
15 44 363.674
15 45 365.492
15 46 367.341
15 47 369.214
15 48 371.103
15 49 373
16 0 373
16 1 371.023
16 2 369.054
16 3 367.101
16 4 365.174
16 5 363.279
16 6 361.424
16 7 359.618
16 8 357.868
16 9 356.181
16 10 354.563
16 11 353.023
16 12 351.565
16 13 350.195
16 14 348.92
16 15 347.745
16 16 346.673
16 17 345.709
16 18 344.858
16 19 344.122
16 20 343.504
16 21 343.007
16 22 342.632
16 23 342.382
16 24 342.256
16 25 342.256
16 26 342.382
16 27 342.632
16 28 343.007
16 29 343.504
16 30 344.122
16 31 344.858
16 32 345.709
16 33 346.673
16 34 347.745
16 35 348.92
16 36 350.195
16 37 351.565
16 38 353.023
16 39 354.563
16 40 356.181
16 41 357.868
16 42 359.618
16 43 361.424
16 44 363.279
16 45 365.174
16 46 367.101
16 47 369.054
16 48 371.023
16 49 373
17 0 373
17 1 370.95
17 2 368.909
17 3 366.885
17 4 364.887
17 5 362.923
17 6 361.001
17 7 359.128
17 8 357.314
17 9 355.565
17 10 353.889
17 11 352.291
17 12 350.78
17 13 349.361
17 14 348.039
17 15 346.82
17 16 345.709
17 17 344.71
17 18 343.828
17 19 343.065
17 20 342.424
17 21 341.909
17 22 341.521
17 23 341.261
17 24 341.131
17 25 341.131
17 26 341.261
17 27 341.521
17 28 341.909
17 29 342.424
17 30 343.065
17 31 343.828
17 32 344.71
17 33 345.709
17 34 346.82
17 35 348.039
17 36 349.361
17 37 350.78
17 38 352.291
17 39 353.889
17 40 355.565
17 41 357.314
17 42 359.128
17 43 361.001
17 44 362.923
17 45 364.887
17 46 366.885
17 47 368.909
17 48 370.95
17 49 373
18 0 373
18 1 370.886
18 2 368.782
18 3 366.695
18 4 364.634
18 5 362.608
18 6 360.626
18 7 358.696
18 8 356.825
18 9 355.021
18 10 353.292
18 11 351.645
18 12 350.087
18 13 348.623
18 14 347.26
18 15 346.003
18 16 344.858
18 17 343.828
18 18 342.918
18 19 342.131
18 20 341.47
18 21 340.939
18 22 340.538
18 23 340.271
18 24 340.136
18 25 340.136
18 26 340.271
18 27 340.538
18 28 340.939
18 29 341.47
18 30 342.131
18 31 342.918
18 32 343.828
18 33 344.858
18 34 346.003
18 35 347.26
18 36 348.623
18 37 350.087
18 38 351.645
18 39 353.292
18 40 355.021
18 41 356.825
18 42 358.696
18 43 360.626
18 44 362.608
18 45 364.634
18 46 366.695
18 47 368.782
18 48 370.886
18 49 373
19 0 373
19 1 370.831
19 2 368.671
19 3 366.53
19 4 364.415
19 5 362.337
19 6 360.303
19 7 358.321
19 8 356.402
19 9 354.551
19 10 352.777
19 11 351.087
19 12 349.488
19 13 347.986
19 14 346.587
19 15 345.297
19 16 344.122
19 17 343.065
19 18 342.131
19 19 341.323
19 20 340.646
19 21 340.1
19 22 339.689
19 23 339.415
19 24 339.277
19 25 339.277
19 26 339.415
19 27 339.689
19 28 340.1
19 29 340.646
19 30 341.323
19 31 342.131
19 32 343.065
19 33 344.122
19 34 345.297
19 35 346.587
19 36 347.986
19 37 349.488
19 38 351.087
19 39 352.777
19 40 354.551
19 41 356.402
19 42 358.321
19 43 360.303
19 44 362.337
19 45 364.415
19 46 366.53
19 47 368.671
19 48 370.831
19 49 373
20 0 373
20 1 370.785
20 2 368.579
20 3 366.391
20 4 364.232
20 5 362.108
20 6 360.031
20 7 358.007
20 8 356.047
20 9 354.156
20 10 352.344
20 11 350.618
20 12 348.985
20 13 347.45
20 14 346.022
20 15 344.705
20 16 343.504
20 17 342.424
20 18 341.47
20 19 340.646
20 20 339.953
20 21 339.396
20 22 338.977
20 23 338.696
20 24 338.555
20 25 338.555
20 26 338.696
20 27 338.977
20 28 339.396
20 29 339.953
20 30 340.646
20 31 341.47
20 32 342.424
20 33 343.504
20 34 344.705
20 35 346.022
20 36 347.45
20 37 348.985
20 38 350.618
20 39 352.344
20 40 354.156
20 41 356.047
20 42 358.007
20 43 360.031
20 44 362.108
20 45 364.232
20 46 366.391
20 47 368.579
20 48 370.785
20 49 373
21 0 373
21 1 370.747
21 2 368.504
21 3 366.28
21 4 364.084
21 5 361.925
21 6 359.812
21 7 357.755
21 8 355.761
21 9 353.839
21 10 351.996
21 11 350.241
21 12 348.58
21 13 347.02
21 14 345.567
21 15 344.228
21 16 343.007
21 17 341.909
21 18 340.939
21 19 340.1
21 20 339.396
21 21 338.83
21 22 338.403
21 23 338.118
21 24 337.975
21 25 337.975
21 26 338.118
21 27 338.403
21 28 338.83
21 29 339.396
21 30 340.1
21 31 340.939
21 32 341.909
21 33 343.007
21 34 344.228
21 35 345.567
21 36 347.02
21 37 348.58
21 38 350.241
21 39 351.996
21 40 353.839
21 41 355.761
21 42 357.755
21 43 359.812
21 44 361.925
21 45 364.084
21 46 366.28
21 47 368.504
21 48 370.747
21 49 373
22 0 373
22 1 370.719
22 2 368.448
22 3 366.196
22 4 363.972
22 5 361.787
22 6 359.648
22 7 357.564
22 8 355.545
22 9 353.599
22 10 351.734
22 11 349.956
22 12 348.275
22 13 346.695
22 14 345.225
22 15 343.868
22 16 342.632
22 17 341.521
22 18 340.538
22 19 339.689
22 20 338.977
22 21 338.403
22 22 337.971
22 23 337.682
22 24 337.537
22 25 337.537
22 26 337.682
22 27 337.971
22 28 338.403
22 29 338.977
22 30 339.689
22 31 340.538
22 32 341.521
22 33 342.632
22 34 343.868
22 35 345.225
22 36 346.695
22 37 348.275
22 38 349.956
22 39 351.734
22 40 353.599
22 41 355.545
22 42 357.564
22 43 359.648
22 44 361.787
22 45 363.972
22 46 366.196
22 47 368.448
22 48 370.719
22 49 373
23 0 373
23 1 370.7
23 2 368.411
23 3 366.14
23 4 363.898
23 5 361.694
23 6 359.537
23 7 357.437
23 8 355.401
23 9 353.439
23 10 351.558
23 11 349.766
23 12 348.071
23 13 346.478
23 14 344.995
23 15 343.628
23 16 342.382
23 17 341.261
23 18 340.271
23 19 339.415
23 20 338.696
23 21 338.118
23 22 337.682
23 23 337.391
23 24 337.245
23 25 337.245
23 26 337.391
23 27 337.682
23 28 338.118
23 29 338.696
23 30 339.415
23 31 340.271
23 32 341.261
23 33 342.382
23 34 343.628
23 35 344.995
23 36 346.478
23 37 348.071
23 38 349.766
23 39 351.558
23 40 353.439
23 41 355.401
23 42 357.437
23 43 359.537
23 44 361.694
23 45 363.898
23 46 366.14
23 47 368.411
23 48 370.7
23 49 373
24 0 373
24 1 370.691
24 2 368.392
24 3 366.112
24 4 363.861
24 5 361.648
24 6 359.482
24 7 357.373
24 8 355.329
24 9 353.359
24 10 351.47
24 11 349.671
24 12 347.969
24 13 346.37
24 14 344.881
24 15 343.508
24 16 342.256
24 17 341.131
24 18 340.136
24 19 339.277
24 20 338.555
24 21 337.975
24 22 337.537
24 23 337.245
24 24 337.098
24 25 337.098
24 26 337.245
24 27 337.537
24 28 337.975
24 29 338.555
24 30 339.277
24 31 340.136
24 32 341.131
24 33 342.256
24 34 343.508
24 35 344.881
24 36 346.37
24 37 347.969
24 38 349.671
24 39 351.47
24 40 353.359
24 41 355.329
24 42 357.373
24 43 359.482
24 44 361.648
24 45 363.861
24 46 366.112
24 47 368.392
24 48 370.691
24 49 373
25 0 373
25 1 370.691
25 2 368.392
25 3 366.112
25 4 363.861
25 5 361.648
25 6 359.482
25 7 357.373
25 8 355.329
25 9 353.359
25 10 351.47
25 11 349.671
25 12 347.969
25 13 346.37
25 14 344.881
25 15 343.508
25 16 342.256
25 17 341.131
25 18 340.136
25 19 339.277
25 20 338.555
25 21 337.975
25 22 337.537
25 23 337.245
25 24 337.098
25 25 337.098
25 26 337.245
25 27 337.537
25 28 337.975
25 29 338.555
25 30 339.277
25 31 340.136
25 32 341.131
25 33 342.256
25 34 343.508
25 35 344.881
25 36 346.37
25 37 347.969
25 38 349.671
25 39 351.47
25 40 353.359
25 41 355.329
25 42 357.373
25 43 359.482
25 44 361.648
25 45 363.861
25 46 366.112
25 47 368.392
25 48 370.691
25 49 373
26 0 373
26 1 370.7
26 2 368.411
26 3 366.14
26 4 363.898
26 5 361.694
26 6 359.537
26 7 357.437
26 8 355.401
26 9 353.439
26 10 351.558
26 11 349.766
26 12 348.071
26 13 346.478
26 14 344.995
26 15 343.628
26 16 342.382
26 17 341.261
26 18 340.271
26 19 339.415
26 20 338.696
26 21 338.118
26 22 337.682
26 23 337.391
26 24 337.245
26 25 337.245
26 26 337.391
26 27 337.682
26 28 338.118
26 29 338.696
26 30 339.415
26 31 340.271
26 32 341.261
26 33 342.382
26 34 343.628
26 35 344.995
26 36 346.478
26 37 348.071
26 38 349.766
26 39 351.558
26 40 353.439
26 41 355.401
26 42 357.437
26 43 359.537
26 44 361.694
26 45 363.898
26 46 366.14
26 47 368.411
26 48 370.7
26 49 373
27 0 373
27 1 370.719
27 2 368.448
27 3 366.196
27 4 363.972
27 5 361.787
27 6 359.648
27 7 357.564
27 8 355.545
27 9 353.599
27 10 351.734
27 11 349.956
27 12 348.275
27 13 346.695
27 14 345.225
27 15 343.868
27 16 342.632
27 17 341.521
27 18 340.538
27 19 339.689
27 20 338.977
27 21 338.403
27 22 337.971
27 23 337.682
27 24 337.537
27 25 337.537
27 26 337.682
27 27 337.971
27 28 338.403
27 29 338.977
27 30 339.689
27 31 340.538
27 32 341.521
27 33 342.632
27 34 343.868
27 35 345.225
27 36 346.695
27 37 348.275
27 38 349.956
27 39 351.734
27 40 353.599
27 41 355.545
27 42 357.564
27 43 359.648
27 44 361.787
27 45 363.972
27 46 366.196
27 47 368.448
27 48 370.719
27 49 373
28 0 373
28 1 370.747
28 2 368.504
28 3 366.28
28 4 364.084
28 5 361.925
28 6 359.812
28 7 357.755
28 8 355.761
28 9 353.839
28 10 351.996
28 11 350.241
28 12 348.58
28 13 347.02
28 14 345.567
28 15 344.228
28 16 343.007
28 17 341.909
28 18 340.939
28 19 340.1
28 20 339.396
28 21 338.83
28 22 338.403
28 23 338.118
28 24 337.975
28 25 337.975
28 26 338.118
28 27 338.403
28 28 338.83
28 29 339.396
28 30 340.1
28 31 340.939
28 32 341.909
28 33 343.007
28 34 344.228
28 35 345.567
28 36 347.02
28 37 348.58
28 38 350.241
28 39 351.996
28 40 353.839
28 41 355.761
28 42 357.755
28 43 359.812
28 44 361.925
28 45 364.084
28 46 366.28
28 47 368.504
28 48 370.747
28 49 373
29 0 373
29 1 370.785
29 2 368.579
29 3 366.391
29 4 364.232
29 5 362.108
29 6 360.031
29 7 358.007
29 8 356.047
29 9 354.156
29 10 352.344
29 11 350.618
29 12 348.985
29 13 347.45
29 14 346.022
29 15 344.705
29 16 343.504
29 17 342.424
29 18 341.47
29 19 340.646
29 20 339.953
29 21 339.396
29 22 338.977
29 23 338.696
29 24 338.555
29 25 338.555
29 26 338.696
29 27 338.977
29 28 339.396
29 29 339.953
29 30 340.646
29 31 341.47
29 32 342.424
29 33 343.504
29 34 344.705
29 35 346.022
29 36 347.45
29 37 348.985
29 38 350.618
29 39 352.344
29 40 354.156
29 41 356.047
29 42 358.007
29 43 360.031
29 44 362.108
29 45 364.232
29 46 366.391
29 47 368.579
29 48 370.785
29 49 373
30 0 373
30 1 370.831
30 2 368.671
30 3 366.53
30 4 364.415
30 5 362.337
30 6 360.303
30 7 358.321
30 8 356.402
30 9 354.551
30 10 352.777
30 11 351.087
30 12 349.488
30 13 347.986
30 14 346.587
30 15 345.297
30 16 344.122
30 17 343.065
30 18 342.131
30 19 341.323
30 20 340.646
30 21 340.1
30 22 339.689
30 23 339.415
30 24 339.277
30 25 339.277
30 26 339.415
30 27 339.689
30 28 340.1
30 29 340.646
30 30 341.323
30 31 342.131
30 32 343.065
30 33 344.122
30 34 345.297
30 35 346.587
30 36 347.986
30 37 349.488
30 38 351.087
30 39 352.777
30 40 354.551
30 41 356.402
30 42 358.321
30 43 360.303
30 44 362.337
30 45 364.415
30 46 366.53
30 47 368.671
30 48 370.831
30 49 373
31 0 373
31 1 370.886
31 2 368.782
31 3 366.695
31 4 364.634
31 5 362.608
31 6 360.626
31 7 358.696
31 8 356.825
31 9 355.021
31 10 353.292
31 11 351.645
31 12 350.087
31 13 348.623
31 14 347.26
31 15 346.003
31 16 344.858
31 17 343.828
31 18 342.918
31 19 342.131
31 20 341.47
31 21 340.939
31 22 340.538
31 23 340.271
31 24 340.136
31 25 340.136
31 26 340.271
31 27 340.538
31 28 340.939
31 29 341.47
31 30 342.131
31 31 342.918
31 32 343.828
31 33 344.858
31 34 346.003
31 35 347.26
31 36 348.623
31 37 350.087
31 38 351.645
31 39 353.292
31 40 355.021
31 41 356.825
31 42 358.696
31 43 360.626
31 44 362.608
31 45 364.634
31 46 366.695
31 47 368.782
31 48 370.886
31 49 373
32 0 373
32 1 370.95
32 2 368.909
32 3 366.885
32 4 364.887
32 5 362.923
32 6 361.001
32 7 359.128
32 8 357.314
32 9 355.565
32 10 353.889
32 11 352.291
32 12 350.78
32 13 349.361
32 14 348.039
32 15 346.82
32 16 345.709
32 17 344.71
32 18 343.828
32 19 343.065
32 20 342.424
32 21 341.909
32 22 341.521
32 23 341.261
32 24 341.131
32 25 341.131
32 26 341.261
32 27 341.521
32 28 341.909
32 29 342.424
32 30 343.065
32 31 343.828
32 32 344.71
32 33 345.709
32 34 346.82
32 35 348.039
32 36 349.361
32 37 350.78
32 38 352.291
32 39 353.889
32 40 355.565
32 41 357.314
32 42 359.128
32 43 361.001
32 44 362.923
32 45 364.887
32 46 366.885
32 47 368.909
32 48 370.95
32 49 373
33 0 373
33 1 371.023
33 2 369.054
33 3 367.101
33 4 365.174
33 5 363.279
33 6 361.424
33 7 359.618
33 8 357.868
33 9 356.181
33 10 354.563
33 11 353.023
33 12 351.565
33 13 350.195
33 14 348.92
33 15 347.745
33 16 346.673
33 17 345.709
33 18 344.858
33 19 344.122
33 20 343.504
33 21 343.007
33 22 342.632
33 23 342.382
33 24 342.256
33 25 342.256
33 26 342.382
33 27 342.632
33 28 343.007
33 29 343.504
33 30 344.122
33 31 344.858
33 32 345.709
33 33 346.673
33 34 347.745
33 35 348.92
33 36 350.195
33 37 351.565
33 38 353.023
33 39 354.563
33 40 356.181
33 41 357.868
33 42 359.618
33 43 361.424
33 44 363.279
33 45 365.174
33 46 367.101
33 47 369.054
33 48 371.023
33 49 373
34 0 373
34 1 371.103
34 2 369.214
34 3 367.341
34 4 365.492
34 5 363.674
34 6 361.895
34 7 360.163
34 8 358.484
34 9 356.865
34 10 355.314
34 11 353.836
34 12 352.437
34 13 351.124
34 14 349.901
34 15 348.773
34 16 347.745
34 17 346.82
34 18 346.003
34 19 345.297
34 20 344.705
34 21 344.228
34 22 343.868
34 23 343.628
34 24 343.508
34 25 343.508
34 26 343.628
34 27 343.868
34 28 344.228
34 29 344.705
34 30 345.297
34 31 346.003
34 32 346.82
34 33 347.745
34 34 348.773
34 35 349.901
34 36 351.124
34 37 352.437
34 38 353.836
34 39 355.314
34 40 356.865
34 41 358.484
34 42 360.163
34 43 361.895
34 44 363.674
34 45 365.492
34 46 367.341
34 47 369.214
34 48 371.103
34 49 373
35 0 373
35 1 371.192
35 2 369.391
35 3 367.605
35 4 365.842
35 5 364.109
35 6 362.412
35 7 360.761
35 8 359.16
35 9 357.617
35 10 356.137
35 11 354.728
35 12 353.395
35 13 352.142
35 14 350.976
35 15 349.901
35 16 348.92
35 17 348.039
35 18 347.26
35 19 346.587
35 20 346.022
35 21 345.567
35 22 345.225
35 23 344.995
35 24 344.881
35 25 344.881
35 26 344.995
35 27 345.225
35 28 345.567
35 29 346.022
35 30 346.587
35 31 347.26
35 32 348.039
35 33 348.92
35 34 349.901
35 35 350.976
35 36 352.142
35 37 353.395
35 38 354.728
35 39 356.137
35 40 357.617
35 41 359.16
35 42 360.761
35 43 362.412
35 44 364.109
35 45 365.842
35 46 367.605
35 47 369.391
35 48 371.192
35 49 373
36 0 373
36 1 371.287
36 2 369.582
36 3 367.891
36 4 366.221
36 5 364.579
36 6 362.973
36 7 361.409
36 8 359.893
36 9 358.431
36 10 357.03
36 11 355.696
36 12 354.433
36 13 353.247
36 14 352.142
36 15 351.124
36 16 350.195
36 17 349.361
36 18 348.623
36 19 347.986
36 20 347.45
36 21 347.02
36 22 346.695
36 23 346.478
36 24 346.37
36 25 346.37
36 26 346.478
36 27 346.695
36 28 347.02
36 29 347.45
36 30 347.986
36 31 348.623
36 32 349.361
36 33 350.195
36 34 351.124
36 35 352.142
36 36 353.247
36 37 354.433
36 38 355.696
36 39 357.03
36 40 358.431
36 41 359.893
36 42 361.409
36 43 362.973
36 44 364.579
36 45 366.221
36 46 367.891
36 47 369.582
36 48 371.287
36 49 373
37 0 373
37 1 371.39
37 2 369.787
37 3 368.197
37 4 366.628
37 5 365.085
37 6 363.575
37 7 362.105
37 8 360.68
37 9 359.306
37 10 357.989
37 11 356.735
37 12 355.548
37 13 354.433
37 14 353.395
37 15 352.437
37 16 351.565
37 17 350.78
37 18 350.087
37 19 349.488
37 20 348.985
37 21 348.58
37 22 348.275
37 23 348.071
37 24 347.969
37 25 347.969
37 26 348.071
37 27 348.275
37 28 348.58
37 29 348.985
37 30 349.488
37 31 350.087
37 32 350.78
37 33 351.565
37 34 352.437
37 35 353.395
37 36 354.433
37 37 355.548
37 38 356.735
37 39 357.989
37 40 359.306
37 41 360.68
37 42 362.105
37 43 363.575
37 44 365.085
37 45 366.628
37 46 368.197
37 47 369.787
37 48 371.39
37 49 373
38 0 373
38 1 371.5
38 2 370.006
38 3 368.524
38 4 367.061
38 5 365.623
38 6 364.216
38 7 362.846
38 8 361.518
38 9 360.237
38 10 359.01
38 11 357.841
38 12 356.735
38 13 355.696
38 14 354.728
38 15 353.836
38 16 353.023
38 17 352.291
38 18 351.645
38 19 351.087
38 20 350.618
38 21 350.241
38 22 349.956
38 23 349.766
38 24 349.671
38 25 349.671
38 26 349.766
38 27 349.956
38 28 350.241
38 29 350.618
38 30 351.087
38 31 351.645
38 32 352.291
38 33 353.023
38 34 353.836
38 35 354.728
38 36 355.696
38 37 356.735
38 38 357.841
38 39 359.01
38 40 360.237
38 41 361.518
38 42 362.846
38 43 364.216
38 44 365.623
38 45 367.061
38 46 368.524
38 47 370.006
38 48 371.5
38 49 373
39 0 373
39 1 371.615
39 2 370.237
39 3 368.869
39 4 367.519
39 5 366.192
39 6 364.894
39 7 363.629
39 8 362.403
39 9 361.222
39 10 360.089
39 11 359.01
39 12 357.989
39 13 357.03
39 14 356.137
39 15 355.314
39 16 354.563
39 17 353.889
39 18 353.292
39 19 352.777
39 20 352.344
39 21 351.996
39 22 351.734
39 23 351.558
39 24 351.47
39 25 351.47
39 26 351.558
39 27 351.734
39 28 351.996
39 29 352.344
39 30 352.777
39 31 353.292
39 32 353.889
39 33 354.563
39 34 355.314
39 35 356.137
39 36 357.03
39 37 357.989
39 38 359.01
39 39 360.089
39 40 361.222
39 41 362.403
39 42 363.629
39 43 364.894
39 44 366.192
39 45 367.519
39 46 368.869
39 47 370.237
39 48 371.615
39 49 373
40 0 373
40 1 371.737
40 2 370.479
40 3 369.232
40 4 368
40 5 366.789
40 6 365.605
40 7 364.451
40 8 363.333
40 9 362.255
40 10 361.222
40 11 360.237
40 12 359.306
40 13 358.431
40 14 357.617
40 15 356.865
40 16 356.181
40 17 355.565
40 18 355.021
40 19 354.551
40 20 354.156
40 21 353.839
40 22 353.599
40 23 353.439
40 24 353.359
40 25 353.359
40 26 353.439
40 27 353.599
40 28 353.839
40 29 354.156
40 30 354.551
40 31 355.021
40 32 355.565
40 33 356.181
40 34 356.865
40 35 357.617
40 36 358.431
40 37 359.306
40 38 360.237
40 39 361.222
40 40 362.255
40 41 363.333
40 42 364.451
40 43 365.605
40 44 366.789
40 45 368
40 46 369.232
40 47 370.479
40 48 371.737
40 49 373
41 0 373
41 1 371.864
41 2 370.732
41 3 369.61
41 4 368.502
41 5 367.412
41 6 366.347
41 7 365.309
41 8 364.303
41 9 363.333
41 10 362.403
41 11 361.518
41 12 360.68
41 13 359.893
41 14 359.16
41 15 358.484
41 16 357.868
41 17 357.314
41 18 356.825
41 19 356.402
41 20 356.047
41 21 355.761
41 22 355.545
41 23 355.401
41 24 355.329
41 25 355.329
41 26 355.401
41 27 355.545
41 28 355.761
41 29 356.047
41 30 356.402
41 31 356.825
41 32 357.314
41 33 357.868
41 34 358.484
41 35 359.16
41 36 359.893
41 37 360.68
41 38 361.518
41 39 362.403
41 40 363.333
41 41 364.303
41 42 365.309
41 43 366.347
41 44 367.412
41 45 368.502
41 46 369.61
41 47 370.732
41 48 371.864
41 49 373
42 0 373
42 1 371.995
42 2 370.994
42 3 370.002
42 4 369.022
42 5 368.059
42 6 367.116
42 7 366.198
42 8 365.309
42 9 364.451
42 10 363.629
42 11 362.846
42 12 362.105
42 13 361.409
42 14 360.761
42 15 360.163
42 16 359.618
42 17 359.128
42 18 358.696
42 19 358.321
42 20 358.007
42 21 357.755
42 22 357.564
42 23 357.437
42 24 357.373
42 25 357.373
42 26 357.437
42 27 357.564
42 28 357.755
42 29 358.007
42 30 358.321
42 31 358.696
42 32 359.128
42 33 359.618
42 34 360.163
42 35 360.761
42 36 361.409
42 37 362.105
42 38 362.846
42 39 363.629
42 40 364.451
42 41 365.309
42 42 366.198
42 43 367.116
42 44 368.059
42 45 369.022
42 46 370.002
42 47 370.994
42 48 371.995
42 49 373
43 0 373
43 1 372.131
43 2 371.265
43 3 370.406
43 4 369.559
43 5 368.726
43 6 367.91
43 7 367.116
43 8 366.347
43 9 365.605
43 10 364.894
43 11 364.216
43 12 363.575
43 13 362.973
43 14 362.412
43 15 361.895
43 16 361.424
43 17 361.001
43 18 360.626
43 19 360.303
43 20 360.031
43 21 359.812
43 22 359.648
43 23 359.537
43 24 359.482
43 25 359.482
43 26 359.537
43 27 359.648
43 28 359.812
43 29 360.031
43 30 360.303
43 31 360.626
43 32 361.001
43 33 361.424
43 34 361.895
43 35 362.412
43 36 362.973
43 37 363.575
43 38 364.216
43 39 364.894
43 40 365.605
43 41 366.347
43 42 367.116
43 43 367.91
43 44 368.726
43 45 369.559
43 46 370.406
43 47 371.265
43 48 372.131
43 49 373
44 0 373
44 1 372.27
44 2 371.543
44 3 370.822
44 4 370.11
44 5 369.41
44 6 368.726
44 7 368.059
44 8 367.412
44 9 366.789
44 10 366.192
44 11 365.623
44 12 365.085
44 13 364.579
44 14 364.109
44 15 363.674
44 16 363.279
44 17 362.923
44 18 362.608
44 19 362.337
44 20 362.108
44 21 361.925
44 22 361.787
44 23 361.694
44 24 361.648
44 25 361.648
44 26 361.694
44 27 361.787
44 28 361.925
44 29 362.108
44 30 362.337
44 31 362.608
44 32 362.923
44 33 363.279
44 34 363.674
44 35 364.109
44 36 364.579
44 37 365.085
44 38 365.623
44 39 366.192
44 40 366.789
44 41 367.412
44 42 368.059
44 43 368.726
44 44 369.41
44 45 370.11
44 46 370.822
44 47 371.543
44 48 372.27
44 49 373
45 0 373
45 1 372.412
45 2 371.827
45 3 371.246
45 4 370.673
45 5 370.11
45 6 369.559
45 7 369.022
45 8 368.502
45 9 368
45 10 367.519
45 11 367.061
45 12 366.628
45 13 366.221
45 14 365.842
45 15 365.492
45 16 365.174
45 17 364.887
45 18 364.634
45 19 364.415
45 20 364.232
45 21 364.084
45 22 363.972
45 23 363.898
45 24 363.861
45 25 363.861
45 26 363.898
45 27 363.972
45 28 364.084
45 29 364.232
45 30 364.415
45 31 364.634
45 32 364.887
45 33 365.174
45 34 365.492
45 35 365.842
45 36 366.221
45 37 366.628
45 38 367.061
45 39 367.519
45 40 368
45 41 368.502
45 42 369.022
45 43 369.559
45 44 370.11
45 45 370.673
45 46 371.246
45 47 371.827
45 48 372.412
45 49 373
46 0 373
46 1 372.557
46 2 372.116
46 3 371.678
46 4 371.246
46 5 370.822
46 6 370.406
46 7 370.002
46 8 369.61
46 9 369.232
46 10 368.869
46 11 368.524
46 12 368.197
46 13 367.891
46 14 367.605
46 15 367.341
46 16 367.101
46 17 366.885
46 18 366.695
46 19 366.53
46 20 366.391
46 21 366.28
46 22 366.196
46 23 366.14
46 24 366.112
46 25 366.112
46 26 366.14
46 27 366.196
46 28 366.28
46 29 366.391
46 30 366.53
46 31 366.695
46 32 366.885
46 33 367.101
46 34 367.341
46 35 367.605
46 36 367.891
46 37 368.197
46 38 368.524
46 39 368.869
46 40 369.232
46 41 369.61
46 42 370.002
46 43 370.406
46 44 370.822
46 45 371.246
46 46 371.678
46 47 372.116
46 48 372.557
46 49 373
47 0 373
47 1 372.704
47 2 372.409
47 3 372.116
47 4 371.827
47 5 371.543
47 6 371.265
47 7 370.994
47 8 370.732
47 9 370.479
47 10 370.237
47 11 370.006
47 12 369.787
47 13 369.582
47 14 369.391
47 15 369.214
47 16 369.054
47 17 368.909
47 18 368.782
47 19 368.671
47 20 368.579
47 21 368.504
47 22 368.448
47 23 368.411
47 24 368.392
47 25 368.392
47 26 368.411
47 27 368.448
47 28 368.504
47 29 368.579
47 30 368.671
47 31 368.782
47 32 368.909
47 33 369.054
47 34 369.214
47 35 369.391
47 36 369.582
47 37 369.787
47 38 370.006
47 39 370.237
47 40 370.479
47 41 370.732
47 42 370.994
47 43 371.265
47 44 371.543
47 45 371.827
47 46 372.116
47 47 372.409
47 48 372.704
47 49 373
48 0 373
48 1 372.852
48 2 372.704
48 3 372.557
48 4 372.412
48 5 372.27
48 6 372.131
48 7 371.995
48 8 371.864
48 9 371.737
48 10 371.615
48 11 371.5
48 12 371.39
48 13 371.287
48 14 371.192
48 15 371.103
48 16 371.023
48 17 370.95
48 18 370.886
48 19 370.831
48 20 370.785
48 21 370.747
48 22 370.719
48 23 370.7
48 24 370.691
48 25 370.691
48 26 370.7
48 27 370.719
48 28 370.747
48 29 370.785
48 30 370.831
48 31 370.886
48 32 370.95
48 33 371.023
48 34 371.103
48 35 371.192
48 36 371.287
48 37 371.39
48 38 371.5
48 39 371.615
48 40 371.737
48 41 371.864
48 42 371.995
48 43 372.131
48 44 372.27
48 45 372.412
48 46 372.557
48 47 372.704
48 48 372.852
48 49 373
49 0 373
49 1 373
49 2 373
49 3 373
49 4 373
49 5 373
49 6 373
49 7 373
49 8 373
49 9 373
49 10 373
49 11 373
49 12 373
49 13 373
49 14 373
49 15 373
49 16 373
49 17 373
49 18 373
49 19 373
49 20 373
49 21 373
49 22 373
49 23 373
49 24 373
49 25 373
49 26 373
49 27 373
49 28 373
49 29 373
49 30 373
49 31 373
49 32 373
49 33 373
49 34 373
49 35 373
49 36 373
49 37 373
49 38 373
49 39 373
49 40 373
49 41 373
49 42 373
49 43 373
49 44 373
49 45 373
49 46 373
49 47 373
49 48 373
49 49 373
