0 0 373
0 1 373
0 2 373
0 3 373
0 4 373
0 5 373
0 6 373
0 7 373
0 8 373
0 9 373
0 10 373
0 11 373
0 12 373
0 13 373
0 14 373
0 15 373
0 16 373
0 17 373
0 18 373
0 19 373
0 20 373
0 21 373
0 22 373
0 23 373
0 24 373
0 25 373
0 26 373
0 27 373
0 28 373
0 29 373
0 30 373
0 31 373
0 32 373
0 33 373
0 34 373
0 35 373
0 36 373
0 37 373
0 38 373
0 39 373
0 40 373
0 41 373
0 42 373
0 43 373
0 44 373
0 45 373
0 46 373
0 47 373
0 48 373
0 49 373
1 0 373
1 1 372.655
1 2 372.311
1 3 371.972
1 4 371.638
1 5 371.312
1 6 370.995
1 7 370.689
1 8 370.395
1 9 370.115
1 10 369.849
1 11 369.599
1 12 369.365
1 13 369.148
1 14 368.949
1 15 368.767
1 16 368.604
1 17 368.458
1 18 368.332
1 19 368.223
1 20 368.132
1 21 368.06
1 22 368.006
1 23 367.97
1 24 367.952
1 25 367.952
1 26 367.97
1 27 368.006
1 28 368.06
1 29 368.132
1 30 368.223
1 31 368.332
1 32 368.458
1 33 368.604
1 34 368.767
1 35 368.949
1 36 369.148
1 37 369.365
1 38 369.599
1 39 369.849
1 40 370.115
1 41 370.395
1 42 370.689
1 43 370.995
1 44 371.312
1 45 371.638
1 46 371.972
1 47 372.311
1 48 372.655
1 49 373
2 0 373
2 1 372.311
2 2 371.627
2 3 370.95
2 4 370.284
2 5 369.634
2 6 369.002
2 7 368.392
2 8 367.805
2 9 367.246
2 10 366.716
2 11 366.217
2 12 365.751
2 13 365.318
2 14 364.921
2 15 364.558
2 16 364.232
2 17 363.943
2 18 363.689
2 19 363.473
2 20 363.293
2 21 363.149
2 22 363.041
2 23 362.969
2 24 362.933
2 25 362.933
2 26 362.969
2 27 363.041
2 28 363.149
2 29 363.293
2 30 363.473
2 31 363.689
2 32 363.943
2 33 364.232
2 34 364.558
2 35 364.921
2 36 365.318
2 37 365.751
2 38 366.217
2 39 366.716
2 40 367.246
2 41 367.805
2 42 368.392
2 43 369.002
2 44 369.634
2 45 370.284
2 46 370.95
2 47 371.627
2 48 372.311
2 49 373
3 0 373
3 1 371.972
3 2 370.95
3 3 369.939
3 4 368.946
3 5 367.975
3 6 367.031
3 7 366.12
3 8 365.245
3 9 364.41
3 10 363.619
3 11 362.874
3 12 362.177
3 13 361.531
3 14 360.938
3 15 360.397
3 16 359.91
3 17 359.478
3 18 359.1
3 19 358.776
3 20 358.507
3 21 358.292
3 22 358.131
3 23 358.024
3 24 357.971
3 25 357.971
3 26 358.024
3 27 358.131
3 28 358.292
3 29 358.507
3 30 358.776
3 31 359.1
3 32 359.478
3 33 359.91
3 34 360.397
3 35 360.938
3 36 361.531
3 37 362.177
3 38 362.874
3 39 363.619
3 40 364.41
3 41 365.245
3 42 366.12
3 43 367.031
3 44 367.975
3 45 368.946
3 46 369.939
3 47 370.95
3 48 371.972
3 49 373
4 0 373
4 1 371.638
4 2 370.284
4 3 368.946
4 4 367.63
4 5 366.344
4 6 365.094
4 7 363.887
4 8 362.728
4 9 361.622
4 10 360.574
4 11 359.587
4 12 358.664
4 13 357.809
4 14 357.023
4 15 356.306
4 16 355.662
4 17 355.089
4 18 354.588
4 19 354.16
4 20 353.803
4 21 353.518
4 22 353.305
4 23 353.163
4 24 353.092
4 25 353.092
4 26 353.163
4 27 353.305
4 28 353.518
4 29 353.803
4 30 354.16
4 31 354.588
4 32 355.089
4 33 355.662
4 34 356.306
4 35 357.023
4 36 357.809
4 37 358.664
4 38 359.587
4 39 360.574
4 40 361.622
4 41 362.728
4 42 363.887
4 43 365.094
4 44 366.344
4 45 367.63
4 46 368.946
4 47 370.284
4 48 371.638
4 49 373
5 0 373
5 1 371.312
5 2 369.634
5 3 367.975
5 4 366.344
5 5 364.749
5 6 363.2
5 7 361.704
5 8 360.267
5 9 358.897
5 10 357.597
5 11 356.374
5 12 355.231
5 13 354.171
5 14 353.196
5 15 352.308
5 16 351.509
5 17 350.799
5 18 350.178
5 19 349.647
5 20 349.205
5 21 348.852
5 22 348.588
5 23 348.412
5 24 348.324
5 25 348.324
5 26 348.412
5 27 348.588
5 28 348.852
5 29 349.205
5 30 349.647
5 31 350.178
5 32 350.799
5 33 351.509
5 34 352.308
5 35 353.196
5 36 354.171
5 37 355.231
5 38 356.374
5 39 357.597
5 40 358.897
5 41 360.267
5 42 361.704
5 43 363.2
5 44 364.749
5 45 366.344
5 46 367.975
5 47 369.634
5 48 371.312
5 49 373
6 0 373
6 1 370.995
6 2 369.002
6 3 367.031
6 4 365.094
6 5 363.2
6 6 361.36
6 7 359.583
6 8 357.877
6 9 356.249
6 10 354.705
6 11 353.253
6 12 351.895
6 13 350.635
6 14 349.477
6 15 348.423
6 16 347.474
6 17 346.631
6 18 345.893
6 19 345.263
6 20 344.738
6 21 344.319
6 22 344.005
6 23 343.796
6 24 343.691
6 25 343.691
6 26 343.796
6 27 344.005
6 28 344.319
6 29 344.738
6 30 345.263
6 31 345.893
6 32 346.631
6 33 347.474
6 34 348.423
6 35 349.477
6 36 350.635
6 37 351.895
6 38 353.253
6 39 354.705
6 40 356.249
6 41 357.877
6 42 359.583
6 43 361.36
6 44 363.2
6 45 365.094
6 46 367.031
6 47 369.002
6 48 370.995
6 49 373
7 0 373
7 1 370.689
7 2 368.392
7 3 366.12
7 4 363.887
7 5 361.704
7 6 359.583
7 7 357.534
7 8 355.567
7 9 353.691
7 10 351.912
7 11 350.237
7 12 348.672
7 13 347.22
7 14 345.886
7 15 344.67
7 16 343.576
7 17 342.604
7 18 341.754
7 19 341.027
7 20 340.422
7 21 339.939
7 22 339.577
7 23 339.336
7 24 339.216
7 25 339.216
7 26 339.336
7 27 339.577
7 28 339.939
7 29 340.422
7 30 341.027
7 31 341.754
7 32 342.604
7 33 343.576
7 34 344.67
7 35 345.886
7 36 347.22
7 37 348.672
7 38 350.237
7 39 351.912
7 40 353.691
7 41 355.567
7 42 357.534
7 43 359.583
7 44 361.704
7 45 363.887
7 46 366.12
7 47 368.392
7 48 370.689
7 49 373
8 0 373
8 1 370.395
8 2 367.805
8 3 365.245
8 4 362.728
8 5 360.267
8 6 357.877
8 7 355.567
8 8 353.35
8 9 351.235
8 10 349.23
8 11 347.342
8 12 345.578
8 13 343.942
8 14 342.437
8 15 341.067
8 16 339.834
8 17 338.738
8 18 337.781
8 19 336.961
8 20 336.279
8 21 335.734
8 22 335.327
8 23 335.055
8 24 334.919
8 25 334.919
8 26 335.055
8 27 335.327
8 28 335.734
8 29 336.279
8 30 336.961
8 31 337.781
8 32 338.738
8 33 339.834
8 34 341.067
8 35 342.437
8 36 343.942
8 37 345.578
8 38 347.342
8 39 349.23
8 40 351.235
8 41 353.35
8 42 355.567
8 43 357.877
8 44 360.267
8 45 362.728
8 46 365.245
8 47 367.805
8 48 370.395
8 49 373
9 0 373
9 1 370.115
9 2 367.246
9 3 364.41
9 4 361.622
9 5 358.897
9 6 356.249
9 7 353.691
9 8 351.235
9 9 348.892
9 10 346.671
9 11 344.58
9 12 342.626
9 13 340.813
9 14 339.147
9 15 337.63
9 16 336.264
9 17 335.05
9 18 333.989
9 19 333.081
9 20 332.326
9 21 331.723
9 22 331.271
9 23 330.97
9 24 330.82
9 25 330.82
9 26 330.97
9 27 331.271
9 28 331.723
9 29 332.326
9 30 333.081
9 31 333.989
9 32 335.05
9 33 336.264
9 34 337.63
9 35 339.147
9 36 340.813
9 37 342.626
9 38 344.58
9 39 346.671
9 40 348.892
9 41 351.235
9 42 353.691
9 43 356.249
9 44 358.897
9 45 361.622
9 46 364.41
9 47 367.246
9 48 370.115
9 49 373
10 0 373
10 1 369.849
10 2 366.716
10 3 363.619
10 4 360.574
10 5 357.597
10 6 354.705
10 7 351.912
10 8 349.23
10 9 346.671
10 10 344.246
10 11 341.962
10 12 339.828
10 13 337.848
10 14 336.028
10 15 334.371
10 16 332.879
10 17 331.554
10 18 330.395
10 19 329.404
10 20 328.579
10 21 327.92
10 22 327.427
10 23 327.098
10 24 326.934
10 25 326.934
10 26 327.098
10 27 327.427
10 28 327.92
10 29 328.579
10 30 329.404
10 31 330.395
10 32 331.554
10 33 332.879
10 34 334.371
10 35 336.028
10 36 337.848
10 37 339.828
10 38 341.962
10 39 344.246
10 40 346.671
10 41 349.23
10 42 351.912
10 43 354.705
10 44 357.597
10 45 360.574
10 46 363.619
10 47 366.716
10 48 369.849
10 49 373
11 0 373
11 1 369.599
11 2 366.217
11 3 362.874
11 4 359.587
11 5 356.374
11 6 353.253
11 7 350.237
11 8 347.342
11 9 344.58
11 10 341.962
11 11 339.497
11 12 337.193
11 13 335.057
11 14 333.092
11 15 331.304
11 16 329.693
11 17 328.262
11 18 327.012
11 19 325.942
11 20 325.051
11 21 324.34
11 22 323.807
11 23 323.453
11 24 323.276
11 25 323.276
11 26 323.453
11 27 323.807
11 28 324.34
11 29 325.051
11 30 325.942
11 31 327.012
11 32 328.262
11 33 329.693
11 34 331.304
11 35 333.092
11 36 335.057
11 37 337.193
11 38 339.497
11 39 341.962
11 40 344.58
11 41 347.342
11 42 350.237
11 43 353.253
11 44 356.374
11 45 359.587
11 46 362.874
11 47 366.217
11 48 369.599
11 49 373
12 0 373
12 1 369.365
12 2 365.751
12 3 362.177
12 4 358.664
12 5 355.231
12 6 351.895
12 7 348.672
12 8 345.578
12 9 342.626
12 10 339.828
12 11 337.193
12 12 334.731
12 13 332.447
12 14 330.348
12 15 328.436
12 16 326.715
12 17 325.186
12 18 323.849
12 19 322.706
12 20 321.754
12 21 320.994
12 22 320.425
12 23 320.046
12 24 319.856
12 25 319.856
12 26 320.046
12 27 320.425
12 28 320.994
12 29 321.754
12 30 322.706
12 31 323.849
12 32 325.186
12 33 326.715
12 34 328.436
12 35 330.348
12 36 332.447
12 37 334.731
12 38 337.193
12 39 339.828
12 40 342.626
12 41 345.578
12 42 348.672
12 43 351.895
12 44 355.231
12 45 358.664
12 46 362.177
12 47 365.751
12 48 369.365
12 49 373
13 0 373
13 1 369.148
13 2 365.318
13 3 361.531
13 4 357.809
13 5 354.171
13 6 350.635
13 7 347.22
13 8 343.942
13 9 340.813
13 10 337.848
13 11 335.057
13 12 332.447
13 13 330.028
13 14 327.803
13 15 325.777
13 16 323.953
13 17 322.333
13 18 320.917
13 19 319.705
13 20 318.696
13 21 317.891
13 22 317.288
13 23 316.886
13 24 316.685
13 25 316.685
13 26 316.886
13 27 317.288
13 28 317.891
13 29 318.696
13 30 319.705
13 31 320.917
13 32 322.333
13 33 323.953
13 34 325.777
13 35 327.803
13 36 330.028
13 37 332.447
13 38 335.057
13 39 337.848
13 40 340.813
13 41 343.942
13 42 347.22
13 43 350.635
13 44 354.171
13 45 357.809
13 46 361.531
13 47 365.318
13 48 369.148
13 49 373
14 0 373
14 1 368.949
14 2 364.921
14 3 360.938
14 4 357.023
14 5 353.196
14 6 349.477
14 7 345.886
14 8 342.437
14 9 339.147
14 10 336.028
14 11 333.092
14 12 330.348
14 13 327.803
14 14 325.463
14 15 323.333
14 16 321.414
14 17 319.71
14 18 318.22
14 19 316.945
14 20 315.885
14 21 315.038
14 22 314.403
14 23 313.981
14 24 313.77
14 25 313.77
14 26 313.981
14 27 314.403
14 28 315.038
14 29 315.885
14 30 316.945
14 31 318.22
14 32 319.71
14 33 321.414
14 34 323.333
14 35 325.463
14 36 327.803
14 37 330.348
14 38 333.092
14 39 336.028
14 40 339.147
14 41 342.437
14 42 345.886
14 43 349.477
14 44 353.196
14 45 357.023
14 46 360.938
14 47 364.921
14 48 368.949
14 49 373
15 0 373
15 1 368.767
15 2 364.558
15 3 360.397
15 4 356.306
15 5 352.308
15 6 348.423
15 7 344.67
15 8 341.067
15 9 337.63
15 10 334.371
15 11 331.304
15 12 328.436
15 13 325.777
15 14 323.333
15 15 321.107
15 16 319.102
15 17 317.322
15 18 315.765
15 19 314.433
15 20 313.325
15 21 312.44
15 22 311.777
15 23 311.336
15 24 311.115
15 25 311.115
15 26 311.336
15 27 311.777
15 28 312.44
15 29 313.325
15 30 314.433
15 31 315.765
15 32 317.322
15 33 319.102
15 34 321.107
15 35 323.333
15 36 325.777
15 37 328.436
15 38 331.304
15 39 334.371
15 40 337.63
15 41 341.067
15 42 344.67
15 43 348.423
15 44 352.308
15 45 356.306
15 46 360.397
15 47 364.558
15 48 368.767
15 49 373
16 0 373
16 1 368.604
16 2 364.232
16 3 359.91
16 4 355.662
16 5 351.509
16 6 347.474
16 7 343.576
16 8 339.834
16 9 336.264
16 10 332.879
16 11 329.693
16 12 326.715
16 13 323.953
16 14 321.414
16 15 319.102
16 16 317.021
16 17 315.171
16 18 313.555
16 19 312.171
16 20 311.02
16 21 310.101
16 22 309.413
16 23 308.954
16 24 308.725
16 25 308.725
16 26 308.954
16 27 309.413
16 28 310.101
16 29 311.02
16 30 312.171
16 31 313.555
16 32 315.171
16 33 317.021
16 34 319.102
16 35 321.414
16 36 323.953
16 37 326.715
16 38 329.693
16 39 332.879
16 40 336.264
16 41 339.834
16 42 343.576
16 43 347.474
16 44 351.509
16 45 355.662
16 46 359.91
16 47 364.232
16 48 368.604
16 49 373
17 0 373
17 1 368.458
17 2 363.943
17 3 359.478
17 4 355.089
17 5 350.799
17 6 346.631
17 7 342.604
17 8 338.738
17 9 335.05
17 10 331.554
17 11 328.262
17 12 325.186
17 13 322.333
17 14 319.71
17 15 317.322
17 16 315.171
17 17 313.261
17 18 311.591
17 19 310.162
17 20 308.973
17 21 308.023
17 22 307.312
17 23 306.838
17 24 306.602
17 25 306.602
17 26 306.838
17 27 307.312
17 28 308.023
17 29 308.973
17 30 310.162
17 31 311.591
17 32 313.261
17 33 315.171
17 34 317.322
17 35 319.71
17 36 322.333
17 37 325.186
17 38 328.262
17 39 331.554
17 40 335.05
17 41 338.738
17 42 342.604
17 43 346.631
17 44 350.799
17 45 355.089
17 46 359.478
17 47 363.943
17 48 368.458
17 49 373
18 0 373
18 1 368.332
18 2 363.689
18 3 359.1
18 4 354.588
18 5 350.178
18 6 345.893
18 7 341.754
18 8 337.781
18 9 333.989
18 10 330.395
18 11 327.012
18 12 323.849
18 13 320.917
18 14 318.22
18 15 315.765
18 16 313.555
18 17 311.591
18 18 309.874
18 19 308.405
18 20 307.183
18 21 306.207
18 22 305.476
18 23 304.989
18 24 304.746
18 25 304.746
18 26 304.989
18 27 305.476
18 28 306.207
18 29 307.183
18 30 308.405
18 31 309.874
18 32 311.591
18 33 313.555
18 34 315.765
18 35 318.22
18 36 320.917
18 37 323.849
18 38 327.012
18 39 330.395
18 40 333.989
18 41 337.781
18 42 341.754
18 43 345.893
18 44 350.178
18 45 354.588
18 46 359.1
18 47 363.689
18 48 368.332
18 49 373
19 0 373
19 1 368.223
19 2 363.473
19 3 358.776
19 4 354.16
19 5 349.647
19 6 345.263
19 7 341.027
19 8 336.961
19 9 333.081
19 10 329.404
19 11 325.942
19 12 322.706
19 13 319.705
19 14 316.945
19 15 314.433
19 16 312.171
19 17 310.162
19 18 308.405
19 19 306.902
19 20 305.651
19 21 304.652
19 22 303.904
19 23 303.406
19 24 303.157
19 25 303.157
19 26 303.406
19 27 303.904
19 28 304.652
19 29 305.651
19 30 306.902
19 31 308.405
19 32 310.162
19 33 312.171
19 34 314.433
19 35 316.945
19 36 319.705
19 37 322.706
19 38 325.942
19 39 329.404
19 40 333.081
19 41 336.961
19 42 341.027
19 43 345.263
19 44 349.647
19 45 354.16
19 46 358.776
19 47 363.473
19 48 368.223
19 49 373
20 0 373
20 1 368.132
20 2 363.293
20 3 358.507
20 4 353.803
20 5 349.205
20 6 344.738
20 7 340.422
20 8 336.279
20 9 332.326
20 10 328.579
20 11 325.051
20 12 321.754
20 13 318.696
20 14 315.885
20 15 313.325
20 16 311.02
20 17 308.973
20 18 307.183
20 19 305.651
20 20 304.377
20 21 303.359
20 22 302.597
20 23 302.089
20 24 301.836
20 25 301.836
20 26 302.089
20 27 302.597
20 28 303.359
20 29 304.377
20 30 305.651
20 31 307.183
20 32 308.973
20 33 311.02
20 34 313.325
20 35 315.885
20 36 318.696
20 37 321.754
20 38 325.051
20 39 328.579
20 40 332.326
20 41 336.279
20 42 340.422
20 43 344.738
20 44 349.205
20 45 353.803
20 46 358.507
20 47 363.293
20 48 368.132
20 49 373
21 0 373
21 1 368.06
21 2 363.149
21 3 358.292
21 4 353.518
21 5 348.852
21 6 344.319
21 7 339.939
21 8 335.734
21 9 331.723
21 10 327.92
21 11 324.34
21 12 320.994
21 13 317.891
21 14 315.038
21 15 312.44
21 16 310.101
21 17 308.023
21 18 306.207
21 19 304.652
21 20 303.359
21 21 302.326
21 22 301.553
21 23 301.038
21 24 300.78
21 25 300.78
21 26 301.038
21 27 301.553
21 28 302.326
21 29 303.359
21 30 304.652
21 31 306.207
21 32 308.023
21 33 310.101
21 34 312.44
21 35 315.038
21 36 317.891
21 37 320.994
21 38 324.34
21 39 327.92
21 40 331.723
21 41 335.734
21 42 339.939
21 43 344.319
21 44 348.852
21 45 353.518
21 46 358.292
21 47 363.149
21 48 368.06
21 49 373
22 0 373
22 1 368.006
22 2 363.041
22 3 358.131
22 4 353.305
22 5 348.588
22 6 344.005
22 7 339.577
22 8 335.327
22 9 331.271
22 10 327.427
22 11 323.807
22 12 320.425
22 13 317.288
22 14 314.403
22 15 311.777
22 16 309.413
22 17 307.312
22 18 305.476
22 19 303.904
22 20 302.597
22 21 301.553
22 22 300.771
22 23 300.25
22 24 299.99
22 25 299.99
22 26 300.25
22 27 300.771
22 28 301.553
22 29 302.597
22 30 303.904
22 31 305.476
22 32 307.312
22 33 309.413
22 34 311.777
22 35 314.403
22 36 317.288
22 37 320.425
22 38 323.807
22 39 327.427
22 40 331.271
22 41 335.327
22 42 339.577
22 43 344.005
22 44 348.588
22 45 353.305
22 46 358.131
22 47 363.041
22 48 368.006
22 49 373
23 0 373
23 1 367.97
23 2 362.969
23 3 358.024
23 4 353.163
23 5 348.412
23 6 343.796
23 7 339.336
23 8 335.055
23 9 330.97
23 10 327.098
23 11 323.453
23 12 320.046
23 13 316.886
23 14 313.981
23 15 311.336
23 16 308.954
23 17 306.838
23 18 304.989
23 19 303.406
23 20 302.089
23 21 301.038
23 22 300.25
23 23 299.726
23 24 299.464
23 25 299.464
23 26 299.726
23 27 300.25
23 28 301.038
23 29 302.089
23 30 303.406
23 31 304.989
23 32 306.838
23 33 308.954
23 34 311.336
23 35 313.981
23 36 316.886
23 37 320.046
23 38 323.453
23 39 327.098
23 40 330.97
23 41 335.055
23 42 339.336
23 43 343.796
23 44 348.412
23 45 353.163
23 46 358.024
23 47 362.969
23 48 367.97
23 49 373
24 0 373
24 1 367.952
24 2 362.933
24 3 357.971
24 4 353.092
24 5 348.324
24 6 343.691
24 7 339.216
24 8 334.919
24 9 330.82
24 10 326.934
24 11 323.276
24 12 319.856
24 13 316.685
24 14 313.77
24 15 311.115
24 16 308.725
24 17 306.602
24 18 304.746
24 19 303.157
24 20 301.836
24 21 300.78
24 22 299.99
24 23 299.464
24 24 299.201
24 25 299.201
24 26 299.464
24 27 299.99
24 28 300.78
24 29 301.836
24 30 303.157
24 31 304.746
24 32 306.602
24 33 308.725
24 34 311.115
24 35 313.77
24 36 316.685
24 37 319.856
24 38 323.276
24 39 326.934
24 40 330.82
24 41 334.919
24 42 339.216
24 43 343.691
24 44 348.324
24 45 353.092
24 46 357.971
24 47 362.933
24 48 367.952
24 49 373
25 0 373
25 1 367.952
25 2 362.933
25 3 357.971
25 4 353.092
25 5 348.324
25 6 343.691
25 7 339.216
25 8 334.919
25 9 330.82
25 10 326.934
25 11 323.276
25 12 319.856
25 13 316.685
25 14 313.77
25 15 311.115
25 16 308.725
25 17 306.602
25 18 304.746
25 19 303.157
25 20 301.836
25 21 300.78
25 22 299.99
25 23 299.464
25 24 299.201
25 25 299.201
25 26 299.464
25 27 299.99
25 28 300.78
25 29 301.836
25 30 303.157
25 31 304.746
25 32 306.602
25 33 308.725
25 34 311.115
25 35 313.77
25 36 316.685
25 37 319.856
25 38 323.276
25 39 326.934
25 40 330.82
25 41 334.919
25 42 339.216
25 43 343.691
25 44 348.324
25 45 353.092
25 46 357.971
25 47 362.933
25 48 367.952
25 49 373
26 0 373
26 1 367.97
26 2 362.969
26 3 358.024
26 4 353.163
26 5 348.412
26 6 343.796
26 7 339.336
26 8 335.055
26 9 330.97
26 10 327.098
26 11 323.453
26 12 320.046
26 13 316.886
26 14 313.981
26 15 311.336
26 16 308.954
26 17 306.838
26 18 304.989
26 19 303.406
26 20 302.089
26 21 301.038
26 22 300.25
26 23 299.726
26 24 299.464
26 25 299.464
26 26 299.726
26 27 300.25
26 28 301.038
26 29 302.089
26 30 303.406
26 31 304.989
26 32 306.838
26 33 308.954
26 34 311.336
26 35 313.981
26 36 316.886
26 37 320.046
26 38 323.453
26 39 327.098
26 40 330.97
26 41 335.055
26 42 339.336
26 43 343.796
26 44 348.412
26 45 353.163
26 46 358.024
26 47 362.969
26 48 367.97
26 49 373
27 0 373
27 1 368.006
27 2 363.041
27 3 358.131
27 4 353.305
27 5 348.588
27 6 344.005
27 7 339.577
27 8 335.327
27 9 331.271
27 10 327.427
27 11 323.807
27 12 320.425
27 13 317.288
27 14 314.403
27 15 311.777
27 16 309.413
27 17 307.312
27 18 305.476
27 19 303.904
27 20 302.597
27 21 301.553
27 22 300.771
27 23 300.25
27 24 299.99
27 25 299.99
27 26 300.25
27 27 300.771
27 28 301.553
27 29 302.597
27 30 303.904
27 31 305.476
27 32 307.312
27 33 309.413
27 34 311.777
27 35 314.403
27 36 317.288
27 37 320.425
27 38 323.807
27 39 327.427
27 40 331.271
27 41 335.327
27 42 339.577
27 43 344.005
27 44 348.588
27 45 353.305
27 46 358.131
27 47 363.041
27 48 368.006
27 49 373
28 0 373
28 1 368.06
28 2 363.149
28 3 358.292
28 4 353.518
28 5 348.852
28 6 344.319
28 7 339.939
28 8 335.734
28 9 331.723
28 10 327.92
28 11 324.34
28 12 320.994
28 13 317.891
28 14 315.038
28 15 312.44
28 16 310.101
28 17 308.023
28 18 306.207
28 19 304.652
28 20 303.359
28 21 302.326
28 22 301.553
28 23 301.038
28 24 300.78
28 25 300.78
28 26 301.038
28 27 301.553
28 28 302.326
28 29 303.359
28 30 304.652
28 31 306.207
28 32 308.023
28 33 310.101
28 34 312.44
28 35 315.038
28 36 317.891
28 37 320.994
28 38 324.34
28 39 327.92
28 40 331.723
28 41 335.734
28 42 339.939
28 43 344.319
28 44 348.852
28 45 353.518
28 46 358.292
28 47 363.149
28 48 368.06
28 49 373
29 0 373
29 1 368.132
29 2 363.293
29 3 358.507
29 4 353.803
29 5 349.205
29 6 344.738
29 7 340.422
29 8 336.279
29 9 332.326
29 10 328.579
29 11 325.051
29 12 321.754
29 13 318.696
29 14 315.885
29 15 313.325
29 16 311.02
29 17 308.973
29 18 307.183
29 19 305.651
29 20 304.377
29 21 303.359
29 22 302.597
29 23 302.089
29 24 301.836
29 25 301.836
29 26 302.089
29 27 302.597
29 28 303.359
29 29 304.377
29 30 305.651
29 31 307.183
29 32 308.973
29 33 311.02
29 34 313.325
29 35 315.885
29 36 318.696
29 37 321.754
29 38 325.051
29 39 328.579
29 40 332.326
29 41 336.279
29 42 340.422
29 43 344.738
29 44 349.205
29 45 353.803
29 46 358.507
29 47 363.293
29 48 368.132
29 49 373
30 0 373
30 1 368.223
30 2 363.473
30 3 358.776
30 4 354.16
30 5 349.647
30 6 345.263
30 7 341.027
30 8 336.961
30 9 333.081
30 10 329.404
30 11 325.942
30 12 322.706
30 13 319.705
30 14 316.945
30 15 314.433
30 16 312.171
30 17 310.162
30 18 308.405
30 19 306.902
30 20 305.651
30 21 304.652
30 22 303.904
30 23 303.406
30 24 303.157
30 25 303.157
30 26 303.406
30 27 303.904
30 28 304.652
30 29 305.651
30 30 306.902
30 31 308.405
30 32 310.162
30 33 312.171
30 34 314.433
30 35 316.945
30 36 319.705
30 37 322.706
30 38 325.942
30 39 329.404
30 40 333.081
30 41 336.961
30 42 341.027
30 43 345.263
30 44 349.647
30 45 354.16
30 46 358.776
30 47 363.473
30 48 368.223
30 49 373
31 0 373
31 1 368.332
31 2 363.689
31 3 359.1
31 4 354.588
31 5 350.178
31 6 345.893
31 7 341.754
31 8 337.781
31 9 333.989
31 10 330.395
31 11 327.012
31 12 323.849
31 13 320.917
31 14 318.22
31 15 315.765
31 16 313.555
31 17 311.591
31 18 309.874
31 19 308.405
31 20 307.183
31 21 306.207
31 22 305.476
31 23 304.989
31 24 304.746
31 25 304.746
31 26 304.989
31 27 305.476
31 28 306.207
31 29 307.183
31 30 308.405
31 31 309.874
31 32 311.591
31 33 313.555
31 34 315.765
31 35 318.22
31 36 320.917
31 37 323.849
31 38 327.012
31 39 330.395
31 40 333.989
31 41 337.781
31 42 341.754
31 43 345.893
31 44 350.178
31 45 354.588
31 46 359.1
31 47 363.689
31 48 368.332
31 49 373
32 0 373
32 1 368.458
32 2 363.943
32 3 359.478
32 4 355.089
32 5 350.799
32 6 346.631
32 7 342.604
32 8 338.738
32 9 335.05
32 10 331.554
32 11 328.262
32 12 325.186
32 13 322.333
32 14 319.71
32 15 317.322
32 16 315.171
32 17 313.261
32 18 311.591
32 19 310.162
32 20 308.973
32 21 308.023
32 22 307.312
32 23 306.838
32 24 306.602
32 25 306.602
32 26 306.838
32 27 307.312
32 28 308.023
32 29 308.973
32 30 310.162
32 31 311.591
32 32 313.261
32 33 315.171
32 34 317.322
32 35 319.71
32 36 322.333
32 37 325.186
32 38 328.262
32 39 331.554
32 40 335.05
32 41 338.738
32 42 342.604
32 43 346.631
32 44 350.799
32 45 355.089
32 46 359.478
32 47 363.943
32 48 368.458
32 49 373
33 0 373
33 1 368.604
33 2 364.232
33 3 359.91
33 4 355.662
33 5 351.509
33 6 347.474
33 7 343.576
33 8 339.834
33 9 336.264
33 10 332.879
33 11 329.693
33 12 326.715
33 13 323.953
33 14 321.414
33 15 319.102
33 16 317.021
33 17 315.171
33 18 313.555
33 19 312.171
33 20 311.02
33 21 310.101
33 22 309.413
33 23 308.954
33 24 308.725
33 25 308.725
33 26 308.954
33 27 309.413
33 28 310.101
33 29 311.02
33 30 312.171
33 31 313.555
33 32 315.171
33 33 317.021
33 34 319.102
33 35 321.414
33 36 323.953
33 37 326.715
33 38 329.693
33 39 332.879
33 40 336.264
33 41 339.834
33 42 343.576
33 43 347.474
33 44 351.509
33 45 355.662
33 46 359.91
33 47 364.232
33 48 368.604
33 49 373
34 0 373
34 1 368.767
34 2 364.558
34 3 360.397
34 4 356.306
34 5 352.308
34 6 348.423
34 7 344.67
34 8 341.067
34 9 337.63
34 10 334.371
34 11 331.304
34 12 328.436
34 13 325.777
34 14 323.333
34 15 321.107
34 16 319.102
34 17 317.322
34 18 315.765
34 19 314.433
34 20 313.325
34 21 312.44
34 22 311.777
34 23 311.336
34 24 311.115
34 25 311.115
34 26 311.336
34 27 311.777
34 28 312.44
34 29 313.325
34 30 314.433
34 31 315.765
34 32 317.322
34 33 319.102
34 34 321.107
34 35 323.333
34 36 325.777
34 37 328.436
34 38 331.304
34 39 334.371
34 40 337.63
34 41 341.067
34 42 344.67
34 43 348.423
34 44 352.308
34 45 356.306
34 46 360.397
34 47 364.558
34 48 368.767
34 49 373
35 0 373
35 1 368.949
35 2 364.921
35 3 360.938
35 4 357.023
35 5 353.196
35 6 349.477
35 7 345.886
35 8 342.437
35 9 339.147
35 10 336.028
35 11 333.092
35 12 330.348
35 13 327.803
35 14 325.463
35 15 323.333
35 16 321.414
35 17 319.71
35 18 318.22
35 19 316.945
35 20 315.885
35 21 315.038
35 22 314.403
35 23 313.981
35 24 313.77
35 25 313.77
35 26 313.981
35 27 314.403
35 28 315.038
35 29 315.885
35 30 316.945
35 31 318.22
35 32 319.71
35 33 321.414
35 34 323.333
35 35 325.463
35 36 327.803
35 37 330.348
35 38 333.092
35 39 336.028
35 40 339.147
35 41 342.437
35 42 345.886
35 43 349.477
35 44 353.196
35 45 357.023
35 46 360.938
35 47 364.921
35 48 368.949
35 49 373
36 0 373
36 1 369.148
36 2 365.318
36 3 361.531
36 4 357.809
36 5 354.171
36 6 350.635
36 7 347.22
36 8 343.942
36 9 340.813
36 10 337.848
36 11 335.057
36 12 332.447
36 13 330.028
36 14 327.803
36 15 325.777
36 16 323.953
36 17 322.333
36 18 320.917
36 19 319.705
36 20 318.696
36 21 317.891
36 22 317.288
36 23 316.886
36 24 316.685
36 25 316.685
36 26 316.886
36 27 317.288
36 28 317.891
36 29 318.696
36 30 319.705
36 31 320.917
36 32 322.333
36 33 323.953
36 34 325.777
36 35 327.803
36 36 330.028
36 37 332.447
36 38 335.057
36 39 337.848
36 40 340.813
36 41 343.942
36 42 347.22
36 43 350.635
36 44 354.171
36 45 357.809
36 46 361.531
36 47 365.318
36 48 369.148
36 49 373
37 0 373
37 1 369.365
37 2 365.751
37 3 362.177
37 4 358.664
37 5 355.231
37 6 351.895
37 7 348.672
37 8 345.578
37 9 342.626
37 10 339.828
37 11 337.193
37 12 334.731
37 13 332.447
37 14 330.348
37 15 328.436
37 16 326.715
37 17 325.186
37 18 323.849
37 19 322.706
37 20 321.754
37 21 320.994
37 22 320.425
37 23 320.046
37 24 319.856
37 25 319.856
37 26 320.046
37 27 320.425
37 28 320.994
37 29 321.754
37 30 322.706
37 31 323.849
37 32 325.186
37 33 326.715
37 34 328.436
37 35 330.348
37 36 332.447
37 37 334.731
37 38 337.193
37 39 339.828
37 40 342.626
37 41 345.578
37 42 348.672
37 43 351.895
37 44 355.231
37 45 358.664
37 46 362.177
37 47 365.751
37 48 369.365
37 49 373
38 0 373
38 1 369.599
38 2 366.217
38 3 362.874
38 4 359.587
38 5 356.374
38 6 353.253
38 7 350.237
38 8 347.342
38 9 344.58
38 10 341.962
38 11 339.497
38 12 337.193
38 13 335.057
38 14 333.092
38 15 331.304
38 16 329.693
38 17 328.262
38 18 327.012
38 19 325.942
38 20 325.051
38 21 324.34
38 22 323.807
38 23 323.453
38 24 323.276
38 25 323.276
38 26 323.453
38 27 323.807
38 28 324.34
38 29 325.051
38 30 325.942
38 31 327.012
38 32 328.262
38 33 329.693
38 34 331.304
38 35 333.092
38 36 335.057
38 37 337.193
38 38 339.497
38 39 341.962
38 40 344.58
38 41 347.342
38 42 350.237
38 43 353.253
38 44 356.374
38 45 359.587
38 46 362.874
38 47 366.217
38 48 369.599
38 49 373
39 0 373
39 1 369.849
39 2 366.716
39 3 363.619
39 4 360.574
39 5 357.597
39 6 354.705
39 7 351.912
39 8 349.23
39 9 346.671
39 10 344.246
39 11 341.962
39 12 339.828
39 13 337.848
39 14 336.028
39 15 334.371
39 16 332.879
39 17 331.554
39 18 330.395
39 19 329.404
39 20 328.579
39 21 327.92
39 22 327.427
39 23 327.098
39 24 326.934
39 25 326.934
39 26 327.098
39 27 327.427
39 28 327.92
39 29 328.579
39 30 329.404
39 31 330.395
39 32 331.554
39 33 332.879
39 34 334.371
39 35 336.028
39 36 337.848
39 37 339.828
39 38 341.962
39 39 344.246
39 40 346.671
39 41 349.23
39 42 351.912
39 43 354.705
39 44 357.597
39 45 360.574
39 46 363.619
39 47 366.716
39 48 369.849
39 49 373
40 0 373
40 1 370.115
40 2 367.246
40 3 364.41
40 4 361.622
40 5 358.897
40 6 356.249
40 7 353.691
40 8 351.235
40 9 348.892
40 10 346.671
40 11 344.58
40 12 342.626
40 13 340.813
40 14 339.147
40 15 337.63
40 16 336.264
40 17 335.05
40 18 333.989
40 19 333.081
40 20 332.326
40 21 331.723
40 22 331.271
40 23 330.97
40 24 330.82
40 25 330.82
40 26 330.97
40 27 331.271
40 28 331.723
40 29 332.326
40 30 333.081
40 31 333.989
40 32 335.05
40 33 336.264
40 34 337.63
40 35 339.147
40 36 340.813
40 37 342.626
40 38 344.58
40 39 346.671
40 40 348.892
40 41 351.235
40 42 353.691
40 43 356.249
40 44 358.897
40 45 361.622
40 46 364.41
40 47 367.246
40 48 370.115
40 49 373
41 0 373
41 1 370.395
41 2 367.805
41 3 365.245
41 4 362.728
41 5 360.267
41 6 357.877
41 7 355.567
41 8 353.35
41 9 351.235
41 10 349.23
41 11 347.342
41 12 345.578
41 13 343.942
41 14 342.437
41 15 341.067
41 16 339.834
41 17 338.738
41 18 337.781
41 19 336.961
41 20 336.279
41 21 335.734
41 22 335.327
41 23 335.055
41 24 334.919
41 25 334.919
41 26 335.055
41 27 335.327
41 28 335.734
41 29 336.279
41 30 336.961
41 31 337.781
41 32 338.738
41 33 339.834
41 34 341.067
41 35 342.437
41 36 343.942
41 37 345.578
41 38 347.342
41 39 349.23
41 40 351.235
41 41 353.35
41 42 355.567
41 43 357.877
41 44 360.267
41 45 362.728
41 46 365.245
41 47 367.805
41 48 370.395
41 49 373
42 0 373
42 1 370.689
42 2 368.392
42 3 366.12
42 4 363.887
42 5 361.704
42 6 359.583
42 7 357.534
42 8 355.567
42 9 353.691
42 10 351.912
42 11 350.237
42 12 348.672
42 13 347.22
42 14 345.886
42 15 344.67
42 16 343.576
42 17 342.604
42 18 341.754
42 19 341.027
42 20 340.422
42 21 339.939
42 22 339.577
42 23 339.336
42 24 339.216
42 25 339.216
42 26 339.336
42 27 339.577
42 28 339.939
42 29 340.422
42 30 341.027
42 31 341.754
42 32 342.604
42 33 343.576
42 34 344.67
42 35 345.886
42 36 347.22
42 37 348.672
42 38 350.237
42 39 351.912
42 40 353.691
42 41 355.567
42 42 357.534
42 43 359.583
42 44 361.704
42 45 363.887
42 46 366.12
42 47 368.392
42 48 370.689
42 49 373
43 0 373
43 1 370.995
43 2 369.002
43 3 367.031
43 4 365.094
43 5 363.2
43 6 361.36
43 7 359.583
43 8 357.877
43 9 356.249
43 10 354.705
43 11 353.253
43 12 351.895
43 13 350.635
43 14 349.477
43 15 348.423
43 16 347.474
43 17 346.631
43 18 345.893
43 19 345.263
43 20 344.738
43 21 344.319
43 22 344.005
43 23 343.796
43 24 343.691
43 25 343.691
43 26 343.796
43 27 344.005
43 28 344.319
43 29 344.738
43 30 345.263
43 31 345.893
43 32 346.631
43 33 347.474
43 34 348.423
43 35 349.477
43 36 350.635
43 37 351.895
43 38 353.253
43 39 354.705
43 40 356.249
43 41 357.877
43 42 359.583
43 43 361.36
43 44 363.2
43 45 365.094
43 46 367.031
43 47 369.002
43 48 370.995
43 49 373
44 0 373
44 1 371.312
44 2 369.634
44 3 367.975
44 4 366.344
44 5 364.749
44 6 363.2
44 7 361.704
44 8 360.267
44 9 358.897
44 10 357.597
44 11 356.374
44 12 355.231
44 13 354.171
44 14 353.196
44 15 352.308
44 16 351.509
44 17 350.799
44 18 350.178
44 19 349.647
44 20 349.205
44 21 348.852
44 22 348.588
44 23 348.412
44 24 348.324
44 25 348.324
44 26 348.412
44 27 348.588
44 28 348.852
44 29 349.205
44 30 349.647
44 31 350.178
44 32 350.799
44 33 351.509
44 34 352.308
44 35 353.196
44 36 354.171
44 37 355.231
44 38 356.374
44 39 357.597
44 40 358.897
44 41 360.267
44 42 361.704
44 43 363.2
44 44 364.749
44 45 366.344
44 46 367.975
44 47 369.634
44 48 371.312
44 49 373
45 0 373
45 1 371.638
45 2 370.284
45 3 368.946
45 4 367.63
45 5 366.344
45 6 365.094
45 7 363.887
45 8 362.728
45 9 361.622
45 10 360.574
45 11 359.587
45 12 358.664
45 13 357.809
45 14 357.023
45 15 356.306
45 16 355.662
45 17 355.089
45 18 354.588
45 19 354.16
45 20 353.803
45 21 353.518
45 22 353.305
45 23 353.163
45 24 353.092
45 25 353.092
45 26 353.163
45 27 353.305
45 28 353.518
45 29 353.803
45 30 354.16
45 31 354.588
45 32 355.089
45 33 355.662
45 34 356.306
45 35 357.023
45 36 357.809
45 37 358.664
45 38 359.587
45 39 360.574
45 40 361.622
45 41 362.728
45 42 363.887
45 43 365.094
45 44 366.344
45 45 367.63
45 46 368.946
45 47 370.284
45 48 371.638
45 49 373
46 0 373
46 1 371.972
46 2 370.95
46 3 369.939
46 4 368.946
46 5 367.975
46 6 367.031
46 7 366.12
46 8 365.245
46 9 364.41
46 10 363.619
46 11 362.874
46 12 362.177
46 13 361.531
46 14 360.938
46 15 360.397
46 16 359.91
46 17 359.478
46 18 359.1
46 19 358.776
46 20 358.507
46 21 358.292
46 22 358.131
46 23 358.024
46 24 357.971
46 25 357.971
46 26 358.024
46 27 358.131
46 28 358.292
46 29 358.507
46 30 358.776
46 31 359.1
46 32 359.478
46 33 359.91
46 34 360.397
46 35 360.938
46 36 361.531
46 37 362.177
46 38 362.874
46 39 363.619
46 40 364.41
46 41 365.245
46 42 366.12
46 43 367.031
46 44 367.975
46 45 368.946
46 46 369.939
46 47 370.95
46 48 371.972
46 49 373
47 0 373
47 1 372.311
47 2 371.627
47 3 370.95
47 4 370.284
47 5 369.634
47 6 369.002
47 7 368.392
47 8 367.805
47 9 367.246
47 10 366.716
47 11 366.217
47 12 365.751
47 13 365.318
47 14 364.921
47 15 364.558
47 16 364.232
47 17 363.943
47 18 363.689
47 19 363.473
47 20 363.293
47 21 363.149
47 22 363.041
47 23 362.969
47 24 362.933
47 25 362.933
47 26 362.969
47 27 363.041
47 28 363.149
47 29 363.293
47 30 363.473
47 31 363.689
47 32 363.943
47 33 364.232
47 34 364.558
47 35 364.921
47 36 365.318
47 37 365.751
47 38 366.217
47 39 366.716
47 40 367.246
47 41 367.805
47 42 368.392
47 43 369.002
47 44 369.634
47 45 370.284
47 46 370.95
47 47 371.627
47 48 372.311
47 49 373
48 0 373
48 1 372.655
48 2 372.311
48 3 371.972
48 4 371.638
48 5 371.312
48 6 370.995
48 7 370.689
48 8 370.395
48 9 370.115
48 10 369.849
48 11 369.599
48 12 369.365
48 13 369.148
48 14 368.949
48 15 368.767
48 16 368.604
48 17 368.458
48 18 368.332
48 19 368.223
48 20 368.132
48 21 368.06
48 22 368.006
48 23 367.97
48 24 367.952
48 25 367.952
48 26 367.97
48 27 368.006
48 28 368.06
48 29 368.132
48 30 368.223
48 31 368.332
48 32 368.458
48 33 368.604
48 34 368.767
48 35 368.949
48 36 369.148
48 37 369.365
48 38 369.599
48 39 369.849
48 40 370.115
48 41 370.395
48 42 370.689
48 43 370.995
48 44 371.312
48 45 371.638
48 46 371.972
48 47 372.311
48 48 372.655
48 49 373
49 0 373
49 1 373
49 2 373
49 3 373
49 4 373
49 5 373
49 6 373
49 7 373
49 8 373
49 9 373
49 10 373
49 11 373
49 12 373
49 13 373
49 14 373
49 15 373
49 16 373
49 17 373
49 18 373
49 19 373
49 20 373
49 21 373
49 22 373
49 23 373
49 24 373
49 25 373
49 26 373
49 27 373
49 28 373
49 29 373
49 30 373
49 31 373
49 32 373
49 33 373
49 34 373
49 35 373
49 36 373
49 37 373
49 38 373
49 39 373
49 40 373
49 41 373
49 42 373
49 43 373
49 44 373
49 45 373
49 46 373
49 47 373
49 48 373
49 49 373