0 0 373
0 1 373
0 2 373
0 3 373
0 4 373
0 5 373
0 6 373
0 7 373
0 8 373
0 9 373
0 10 373
0 11 373
0 12 373
0 13 373
0 14 373
0 15 373
0 16 373
0 17 373
0 18 373
0 19 373
0 20 373
0 21 373
0 22 373
0 23 373
0 24 373
0 25 373
0 26 373
0 27 373
0 28 373
0 29 373
0 30 373
0 31 373
0 32 373
0 33 373
0 34 373
0 35 373
0 36 373
0 37 373
0 38 373
0 39 373
0 40 373
0 41 373
0 42 373
0 43 373
0 44 373
0 45 373
0 46 373
0 47 373
0 48 373
0 49 373
1 0 373
1 1 372.93
1 2 372.861
1 3 372.792
1 4 372.724
1 5 372.657
1 6 372.592
1 7 372.528
1 8 372.466
1 9 372.407
1 10 372.35
1 11 372.295
1 12 372.244
1 13 372.195
1 14 372.15
1 15 372.108
1 16 372.07
1 17 372.036
1 18 372.006
1 19 371.98
1 20 371.958
1 21 371.94
1 22 371.927
1 23 371.918
1 24 371.913
1 25 371.913
1 26 371.918
1 27 371.927
1 28 371.94
1 29 371.958
1 30 371.98
1 31 372.006
1 32 372.036
1 33 372.07
1 34 372.108
1 35 372.15
1 36 372.195
1 37 372.244
1 38 372.295
1 39 372.35
1 40 372.407
1 41 372.466
1 42 372.528
1 43 372.592
1 44 372.657
1 45 372.724
1 46 372.792
1 47 372.861
1 48 372.93
1 49 373
2 0 373
2 1 372.861
2 2 372.722
2 3 372.585
2 4 372.449
2 5 372.316
2 6 372.186
2 7 372.058
2 8 371.935
2 9 371.816
2 10 371.702
2 11 371.593
2 12 371.49
2 13 371.393
2 14 371.303
2 15 371.22
2 16 371.144
2 17 371.076
2 18 371.016
2 19 370.963
2 20 370.92
2 21 370.884
2 22 370.858
2 23 370.84
2 24 370.831
2 25 370.831
2 26 370.84
2 27 370.858
2 28 370.884
2 29 370.92
2 30 370.963
2 31 371.016
2 32 371.076
2 33 371.144
2 34 371.22
2 35 371.303
2 36 371.393
2 37 371.49
2 38 371.593
2 39 371.702
2 40 371.816
2 41 371.935
2 42 372.058
2 43 372.186
2 44 372.316
2 45 372.449
2 46 372.585
2 47 372.722
2 48 372.861
2 49 373
3 0 373
3 1 372.792
3 2 372.585
3 3 372.38
3 4 372.177
3 5 371.978
3 6 371.782
3 7 371.592
3 8 371.408
3 9 371.23
3 10 371.06
3 11 370.897
3 12 370.743
3 13 370.598
3 14 370.464
3 15 370.339
3 16 370.226
3 17 370.124
3 18 370.034
3 19 369.956
3 20 369.89
3 21 369.837
3 22 369.798
3 23 369.771
3 24 369.758
3 25 369.758
3 26 369.771
3 27 369.798
3 28 369.837
3 29 369.89
3 30 369.956
3 31 370.034
3 32 370.124
3 33 370.226
3 34 370.339
3 35 370.464
3 36 370.598
3 37 370.743
3 38 370.897
3 39 371.06
3 40 371.23
3 41 371.408
3 42 371.592
3 43 371.782
3 44 371.978
3 45 372.177
3 46 372.38
3 47 372.585
3 48 372.792
3 49 373
4 0 373
4 1 372.724
4 2 372.449
4 3 372.177
4 4 371.908
4 5 371.643
4 6 371.384
4 7 371.132
4 8 370.887
4 9 370.651
4 10 370.425
4 11 370.209
4 12 370.005
4 13 369.813
4 14 369.634
4 15 369.469
4 16 369.319
4 17 369.183
4 18 369.064
4 19 368.96
4 20 368.873
4 21 368.803
4 22 368.751
4 23 368.715
4 24 368.698
4 25 368.698
4 26 368.715
4 27 368.751
4 28 368.803
4 29 368.873
4 30 368.96
4 31 369.064
4 32 369.183
4 33 369.319
4 34 369.469
4 35 369.634
4 36 369.813
4 37 370.005
4 38 370.209
4 39 370.425
4 40 370.651
4 41 370.887
4 42 371.132
4 43 371.384
4 44 371.643
4 45 371.908
4 46 372.177
4 47 372.449
4 48 372.724
4 49 373
5 0 373
5 1 372.657
5 2 372.316
5 3 371.978
5 4 371.643
5 5 371.315
5 6 370.993
5 7 370.68
5 8 370.376
5 9 370.083
5 10 369.801
5 11 369.533
5 12 369.28
5 13 369.041
5 14 368.819
5 15 368.614
5 16 368.427
5 17 368.259
5 18 368.11
5 19 367.982
5 20 367.874
5 21 367.787
5 22 367.721
5 23 367.677
5 24 367.655
5 25 367.655
5 26 367.677
5 27 367.721
5 28 367.787
5 29 367.874
5 30 367.982
5 31 368.11
5 32 368.259
5 33 368.427
5 34 368.614
5 35 368.819
5 36 369.041
5 37 369.28
5 38 369.533
5 39 369.801
5 40 370.083
5 41 370.376
5 42 370.68
5 43 370.993
5 44 371.315
5 45 371.643
5 46 371.978
5 47 372.316
5 48 372.657
5 49 373
6 0 373
6 1 372.592
6 2 372.186
6 3 371.782
6 4 371.384
6 5 370.993
6 6 370.61
6 7 370.237
6 8 369.875
6 9 369.526
6 10 369.191
6 11 368.872
6 12 368.569
6 13 368.285
6 14 368.021
6 15 367.777
6 16 367.554
6 17 367.354
6 18 367.177
6 19 367.024
6 20 366.895
6 21 366.791
6 22 366.713
6 23 366.661
6 24 366.635
6 25 366.635
6 26 366.661
6 27 366.713
6 28 366.791
6 29 366.895
6 30 367.024
6 31 367.177
6 32 367.354
6 33 367.554
6 34 367.777
6 35 368.021
6 36 368.285
6 37 368.569
6 38 368.872
6 39 369.191
6 40 369.526
6 41 369.875
6 42 370.237
6 43 370.61
6 44 370.993
6 45 371.384
6 46 371.782
6 47 372.186
6 48 372.592
6 49 373
7 0 373
7 1 372.528
7 2 372.058
7 3 371.592
7 4 371.132
7 5 370.68
7 6 370.237
7 7 369.805
7 8 369.386
7 9 368.983
7 10 368.596
7 11 368.227
7 12 367.877
7 13 367.549
7 14 367.243
7 15 366.961
7 16 366.703
7 17 366.472
7 18 366.267
7 19 366.09
7 20 365.941
7 21 365.822
7 22 365.732
7 23 365.671
7 24 365.641
7 25 365.641
7 26 365.671
7 27 365.732
7 28 365.822
7 29 365.941
7 30 366.09
7 31 366.267
7 32 366.472
7 33 366.703
7 34 366.961
7 35 367.243
7 36 367.549
7 37 367.877
7 38 368.227
7 39 368.596
7 40 368.983
7 41 369.386
7 42 369.805
7 43 370.237
7 44 370.68
7 45 371.132
7 46 371.592
7 47 372.058
7 48 372.528
7 49 373
8 0 373
8 1 372.466
8 2 371.935
8 3 371.408
8 4 370.887
8 5 370.376
8 6 369.875
8 7 369.386
8 8 368.913
8 9 368.457
8 10 368.019
8 11 367.602
8 12 367.206
8 13 366.835
8 14 366.489
8 15 366.17
8 16 365.879
8 17 365.617
8 18 365.385
8 19 365.185
8 20 365.017
8 21 364.882
8 22 364.779
8 23 364.711
8 24 364.677
8 25 364.677
8 26 364.711
8 27 364.779
8 28 364.882
8 29 365.017
8 30 365.185
8 31 365.385
8 32 365.617
8 33 365.879
8 34 366.17
8 35 366.489
8 36 366.835
8 37 367.206
8 38 367.602
8 39 368.019
8 40 368.457
8 41 368.913
8 42 369.386
8 43 369.875
8 44 370.376
8 45 370.887
8 46 371.408
8 47 371.935
8 48 372.466
8 49 373
9 0 373
9 1 372.407
9 2 371.816
9 3 371.23
9 4 370.651
9 5 370.083
9 6 369.526
9 7 368.983
9 8 368.457
9 9 367.949
9 10 367.463
9 11 366.999
9 12 366.559
9 13 366.146
9 14 365.762
9 15 365.407
9 16 365.083
9 17 364.792
9 18 364.535
9 19 364.312
9 20 364.125
9 21 363.975
9 22 363.861
9 23 363.785
9 24 363.747
9 25 363.747
9 26 363.785
9 27 363.861
9 28 363.975
9 29 364.125
9 30 364.312
9 31 364.535
9 32 364.792
9 33 365.083
9 34 365.407
9 35 365.762
9 36 366.146
9 37 366.559
9 38 366.999
9 39 367.463
9 40 367.949
9 41 368.457
9 42 368.983
9 43 369.526
9 44 370.083
9 45 370.651
9 46 371.23
9 47 371.816
9 48 372.407
9 49 373
10 0 373
10 1 372.35
10 2 371.702
10 3 371.06
10 4 370.425
10 5 369.801
10 6 369.191
10 7 368.596
10 8 368.019
10 9 367.463
10 10 366.929
10 11 366.42
10 12 365.939
10 13 365.486
10 14 365.064
10 15 364.675
10 16 364.32
10 17 364.001
10 18 363.719
10 19 363.475
10 20 363.27
10 21 363.105
10 22 362.981
10 23 362.897
10 24 362.856
10 25 362.856
10 26 362.897
10 27 362.981
10 28 363.105
10 29 363.27
10 30 363.475
10 31 363.719
10 32 364.001
10 33 364.32
10 34 364.675
10 35 365.064
10 36 365.486
10 37 365.939
10 38 366.42
10 39 366.929
10 40 367.463
10 41 368.019
10 42 368.596
10 43 369.191
10 44 369.801
10 45 370.425
10 46 371.06
10 47 371.702
10 48 372.35
10 49 373
11 0 373
11 1 372.295
11 2 371.593
11 3 370.897
11 4 370.209
11 5 369.533
11 6 368.872
11 7 368.227
11 8 367.602
11 9 366.999
11 10 366.42
11 11 365.869
11 12 365.347
11 13 364.857
11 14 364.399
11 15 363.978
11 16 363.593
11 17 363.247
11 18 362.941
11 19 362.677
11 20 362.455
11 21 362.276
11 22 362.141
11 23 362.051
11 24 362.006
11 25 362.006
11 26 362.051
11 27 362.141
11 28 362.276
11 29 362.455
11 30 362.677
11 31 362.941
11 32 363.247
11 33 363.593
11 34 363.978
11 35 364.399
11 36 364.857
11 37 365.347
11 38 365.869
11 39 366.42
11 40 366.999
11 41 367.602
11 42 368.227
11 43 368.872
11 44 369.533
11 45 370.209
11 46 370.897
11 47 371.593
11 48 372.295
11 49 373
12 0 373
12 1 372.244
12 2 371.49
12 3 370.743
12 4 370.005
12 5 369.28
12 6 368.569
12 7 367.877
12 8 367.206
12 9 366.559
12 10 365.939
12 11 365.347
12 12 364.787
12 13 364.26
12 14 363.77
12 15 363.317
12 16 362.905
12 17 362.533
12 18 362.205
12 19 361.921
12 20 361.683
12 21 361.491
12 22 361.346
12 23 361.25
12 24 361.201
12 25 361.201
12 26 361.25
12 27 361.346
12 28 361.491
12 29 361.683
12 30 361.921
12 31 362.205
12 32 362.533
12 33 362.905
12 34 363.317
12 35 363.77
12 36 364.26
12 37 364.787
12 38 365.347
12 39 365.939
12 40 366.559
12 41 367.206
12 42 367.877
12 43 368.569
12 44 369.28
12 45 370.005
12 46 370.743
12 47 371.49
12 48 372.244
12 49 373
13 0 373
13 1 372.195
13 2 371.393
13 3 370.598
13 4 369.813
13 5 369.041
13 6 368.285
13 7 367.549
13 8 366.835
13 9 366.146
13 10 365.486
13 11 364.857
13 12 364.26
13 13 363.7
13 14 363.178
13 15 362.697
13 16 362.258
13 17 361.863
13 18 361.513
13 19 361.211
13 20 360.958
13 21 360.753
13 22 360.599
13 23 360.497
13 24 360.445
13 25 360.445
13 26 360.497
13 27 360.599
13 28 360.753
13 29 360.958
13 30 361.211
13 31 361.513
13 32 361.863
13 33 362.258
13 34 362.697
13 35 363.178
13 36 363.7
13 37 364.26
13 38 364.857
13 39 365.486
13 40 366.146
13 41 366.835
13 42 367.549
13 43 368.285
13 44 369.041
13 45 369.813
13 46 370.598
13 47 371.393
13 48 372.195
13 49 373
14 0 373
14 1 372.15
14 2 371.303
14 3 370.464
14 4 369.634
14 5 368.819
14 6 368.021
14 7 367.243
14 8 366.489
14 9 365.762
14 10 365.064
14 11 364.399
14 12 363.77
14 13 363.178
14 14 362.627
14 15 362.119
14 16 361.655
14 17 361.238
14 18 360.869
14 19 360.55
14 20 360.282
14 21 360.066
14 22 359.904
14 23 359.795
14 24 359.74
14 25 359.74
14 26 359.795
14 27 359.904
14 28 360.066
14 29 360.282
14 30 360.55
14 31 360.869
14 32 361.238
14 33 361.655
14 34 362.119
14 35 362.627
14 36 363.178
14 37 363.77
14 38 364.399
14 39 365.064
14 40 365.762
14 41 366.489
14 42 367.243
14 43 368.021
14 44 368.819
14 45 369.634
14 46 370.464
14 47 371.303
14 48 372.15
14 49 373
15 0 373
15 1 372.108
15 2 371.22
15 3 370.339
15 4 369.469
15 5 368.614
15 6 367.777
15 7 366.961
15 8 366.17
15 9 365.407
15 10 364.675
15 11 363.978
15 12 363.317
15 13 362.697
15 14 362.119
15 15 361.585
15 16 361.099
15 17 360.661
15 18 360.274
15 19 359.939
15 20 359.658
15 21 359.432
15 22 359.261
15 23 359.147
15 24 359.09
15 25 359.09
15 26 359.147
15 27 359.261
15 28 359.432
15 29 359.658
15 30 359.939
15 31 360.274
15 32 360.661
15 33 361.099
15 34 361.585
15 35 362.119
15 36 362.697
15 37 363.317
15 38 363.978
15 39 364.675
15 40 365.407
15 41 366.17
15 42 366.961
15 43 367.777
15 44 368.614
15 45 369.469
15 46 370.339
15 47 371.22
15 48 372.108
15 49 373
16 0 373
16 1 372.07
16 2 371.144
16 3 370.226
16 4 369.319
16 5 368.427
16 6 367.554
16 7 366.703
16 8 365.879
16 9 365.083
16 10 364.32
16 11 363.593
16 12 362.905
16 13 362.258
16 14 361.655
16 15 361.099
16 16 360.591
16 17 360.135
16 18 359.731
16 19 359.382
16 20 359.089
16 21 358.854
16 22 358.676
16 23 358.557
16 24 358.497
16 25 358.497
16 26 358.557
16 27 358.676
16 28 358.854
16 29 359.089
16 30 359.382
16 31 359.731
16 32 360.135
16 33 360.591
16 34 361.099
16 35 361.655
16 36 362.258
16 37 362.905
16 38 363.593
16 39 364.32
16 40 365.083
16 41 365.879
16 42 366.703
16 43 367.554
16 44 368.427
16 45 369.319
16 46 370.226
16 47 371.144
16 48 372.07
16 49 373
17 0 373
17 1 372.036
17 2 371.076
17 3 370.124
17 4 369.183
17 5 368.259
17 6 367.354
17 7 366.472
17 8 365.617
17 9 364.792
17 10 364.001
17 11 363.247
17 12 362.533
17 13 361.863
17 14 361.238
17 15 360.661
17 16 360.135
17 17 359.662
17 18 359.243
17 19 358.882
17 20 358.578
17 21 358.333
17 22 358.149
17 23 358.026
17 24 357.964
17 25 357.964
17 26 358.026
17 27 358.149
17 28 358.333
17 29 358.578
17 30 358.882
17 31 359.243
17 32 359.662
17 33 360.135
17 34 360.661
17 35 361.238
17 36 361.863
17 37 362.533
17 38 363.247
17 39 364.001
17 40 364.792
17 41 365.617
17 42 366.472
17 43 367.354
17 44 368.259
17 45 369.183
17 46 370.124
17 47 371.076
17 48 372.036
17 49 373
18 0 373
18 1 372.006
18 2 371.016
18 3 370.034
18 4 369.064
18 5 368.11
18 6 367.177
18 7 366.267
18 8 365.385
18 9 364.535
18 10 363.719
18 11 362.941
18 12 362.205
18 13 361.513
18 14 360.869
18 15 360.274
18 16 359.731
18 17 359.243
18 18 358.812
18 19 358.439
18 20 358.126
18 21 357.873
18 22 357.683
18 23 357.556
18 24 357.492
18 25 357.492
18 26 357.556
18 27 357.683
18 28 357.873
18 29 358.126
18 30 358.439
18 31 358.812
18 32 359.243
18 33 359.731
18 34 360.274
18 35 360.869
18 36 361.513
18 37 362.205
18 38 362.941
18 39 363.719
18 40 364.535
18 41 365.385
18 42 366.267
18 43 367.177
18 44 368.11
18 45 369.064
18 46 370.034
18 47 371.016
18 48 372.006
18 49 373
19 0 373
19 1 371.98
19 2 370.963
19 3 369.956
19 4 368.96
19 5 367.982
19 6 367.024
19 7 366.09
19 8 365.185
19 9 364.312
19 10 363.475
19 11 362.677
19 12 361.921
19 13 361.211
19 14 360.55
19 15 359.939
19 16 359.382
19 17 358.882
19 18 358.439
19 19 358.056
19 20 357.734
19 21 357.475
19 22 357.28
19 23 357.15
19 24 357.085
19 25 357.085
19 26 357.15
19 27 357.28
19 28 357.475
19 29 357.734
19 30 358.056
19 31 358.439
19 32 358.882
19 33 359.382
19 34 359.939
19 35 360.55
19 36 361.211
19 37 361.921
19 38 362.677
19 39 363.475
19 40 364.312
19 41 365.185
19 42 366.09
19 43 367.024
19 44 367.982
19 45 368.96
19 46 369.956
19 47 370.963
19 48 371.98
19 49 373
20 0 373
20 1 371.958
20 2 370.92
20 3 369.89
20 4 368.873
20 5 367.874
20 6 366.895
20 7 365.941
20 8 365.017
20 9 364.125
20 10 363.27
20 11 362.455
20 12 361.683
20 13 360.958
20 14 360.282
20 15 359.658
20 16 359.089
20 17 358.578
20 18 358.126
20 19 357.734
20 20 357.406
20 21 357.141
20 22 356.942
20 23 356.809
20 24 356.742
20 25 356.742
20 26 356.809
20 27 356.942
20 28 357.141
20 29 357.406
20 30 357.734
20 31 358.126
20 32 358.578
20 33 359.089
20 34 359.658
20 35 360.282
20 36 360.958
20 37 361.683
20 38 362.455
20 39 363.27
20 40 364.125
20 41 365.017
20 42 365.941
20 43 366.895
20 44 367.874
20 45 368.873
20 46 369.89
20 47 370.92
20 48 371.958
20 49 373
21 0 373
21 1 371.94
21 2 370.884
21 3 369.837
21 4 368.803
21 5 367.787
21 6 366.791
21 7 365.822
21 8 364.882
21 9 363.975
21 10 363.105
21 11 362.276
21 12 361.491
21 13 360.753
21 14 360.066
21 15 359.432
21 16 358.854
21 17 358.333
21 18 357.873
21 19 357.475
21 20 357.141
21 21 356.873
21 22 356.67
21 23 356.534
21 24 356.466
21 25 356.466
21 26 356.534
21 27 356.67
21 28 356.873
21 29 357.141
21 30 357.475
21 31 357.873
21 32 358.333
21 33 358.854
21 34 359.432
21 35 360.066
21 36 360.753
21 37 361.491
21 38 362.276
21 39 363.105
21 40 363.975
21 41 364.882
21 42 365.822
21 43 366.791
21 44 367.787
21 45 368.803
21 46 369.837
21 47 370.884
21 48 371.94
21 49 373
22 0 373
22 1 371.927
22 2 370.858
22 3 369.798
22 4 368.751
22 5 367.721
22 6 366.713
22 7 365.732
22 8 364.779
22 9 363.861
22 10 362.981
22 11 362.141
22 12 361.346
22 13 360.599
22 14 359.904
22 15 359.261
22 16 358.676
22 17 358.149
22 18 357.683
22 19 357.28
22 20 356.942
22 21 356.67
22 22 356.465
22 23 356.327
22 24 356.259
22 25 356.259
22 26 356.327
22 27 356.465
22 28 356.67
22 29 356.942
22 30 357.28
22 31 357.683
22 32 358.149
22 33 358.676
22 34 359.261
22 35 359.904
22 36 360.599
22 37 361.346
22 38 362.141
22 39 362.981
22 40 363.861
22 41 364.779
22 42 365.732
22 43 366.713
22 44 367.721
22 45 368.751
22 46 369.798
22 47 370.858
22 48 371.927
22 49 373
23 0 373
23 1 371.918
23 2 370.84
23 3 369.771
23 4 368.715
23 5 367.677
23 6 366.661
23 7 365.671
23 8 364.711
23 9 363.785
23 10 362.897
23 11 362.051
23 12 361.25
23 13 360.497
23 14 359.795
23 15 359.147
23 16 358.557
23 17 358.026
23 18 357.556
23 19 357.15
23 20 356.809
23 21 356.534
23 22 356.327
23 23 356.189
23 24 356.12
23 25 356.12
23 26 356.189
23 27 356.327
23 28 356.534
23 29 356.809
23 30 357.15
23 31 357.556
23 32 358.026
23 33 358.557
23 34 359.147
23 35 359.795
23 36 360.497
23 37 361.25
23 38 362.051
23 39 362.897
23 40 363.785
23 41 364.711
23 42 365.671
23 43 366.661
23 44 367.677
23 45 368.715
23 46 369.771
23 47 370.84
23 48 371.918
23 49 373
24 0 373
24 1 371.913
24 2 370.831
24 3 369.758
24 4 368.698
24 5 367.655
24 6 366.635
24 7 365.641
24 8 364.677
24 9 363.747
24 10 362.856
24 11 362.006
24 12 361.201
24 13 360.445
24 14 359.74
24 15 359.09
24 16 358.497
24 17 357.964
24 18 357.492
24 19 357.085
24 20 356.742
24 21 356.466
24 22 356.259
24 23 356.12
24 24 356.05
24 25 356.05
24 26 356.12
24 27 356.259
24 28 356.466
24 29 356.742
24 30 357.085
24 31 357.492
24 32 357.964
24 33 358.497
24 34 359.09
24 35 359.74
24 36 360.445
24 37 361.201
24 38 362.006
24 39 362.856
24 40 363.747
24 41 364.677
24 42 365.641
24 43 366.635
24 44 367.655
24 45 368.698
24 46 369.758
24 47 370.831
24 48 371.913
24 49 373
25 0 373
25 1 371.913
25 2 370.831
25 3 369.758
25 4 368.698
25 5 367.655
25 6 366.635
25 7 365.641
25 8 364.677
25 9 363.747
25 10 362.856
25 11 362.006
25 12 361.201
25 13 360.445
25 14 359.74
25 15 359.09
25 16 358.497
25 17 357.964
25 18 357.492
25 19 357.085
25 20 356.742
25 21 356.466
25 22 356.259
25 23 356.12
25 24 356.05
25 25 356.05
25 26 356.12
25 27 356.259
25 28 356.466
25 29 356.742
25 30 357.085
25 31 357.492
25 32 357.964
25 33 358.497
25 34 359.09
25 35 359.74
25 36 360.445
25 37 361.201
25 38 362.006
25 39 362.856
25 40 363.747
25 41 364.677
25 42 365.641
25 43 366.635
25 44 367.655
25 45 368.698
25 46 369.758
25 47 370.831
25 48 371.913
25 49 373
26 0 373
26 1 371.918
26 2 370.84
26 3 369.771
26 4 368.715
26 5 367.677
26 6 366.661
26 7 365.671
26 8 364.711
26 9 363.785
26 10 362.897
26 11 362.051
26 12 361.25
26 13 360.497
26 14 359.795
26 15 359.147
26 16 358.557
26 17 358.026
26 18 357.556
26 19 357.15
26 20 356.809
26 21 356.534
26 22 356.327
26 23 356.189
26 24 356.12
26 25 356.12
26 26 356.189
26 27 356.327
26 28 356.534
26 29 356.809
26 30 357.15
26 31 357.556
26 32 358.026
26 33 358.557
26 34 359.147
26 35 359.795
26 36 360.497
26 37 361.25
26 38 362.051
26 39 362.897
26 40 363.785
26 41 364.711
26 42 365.671
26 43 366.661
26 44 367.677
26 45 368.715
26 46 369.771
26 47 370.84
26 48 371.918
26 49 373
27 0 373
27 1 371.927
27 2 370.858
27 3 369.798
27 4 368.751
27 5 367.721
27 6 366.713
27 7 365.732
27 8 364.779
27 9 363.861
27 10 362.981
27 11 362.141
27 12 361.346
27 13 360.599
27 14 359.904
27 15 359.261
27 16 358.676
27 17 358.149
27 18 357.683
27 19 357.28
27 20 356.942
27 21 356.67
27 22 356.465
27 23 356.327
27 24 356.259
27 25 356.259
27 26 356.327
27 27 356.465
27 28 356.67
27 29 356.942
27 30 357.28
27 31 357.683
27 32 358.149
27 33 358.676
27 34 359.261
27 35 359.904
27 36 360.599
27 37 361.346
27 38 362.141
27 39 362.981
27 40 363.861
27 41 364.779
27 42 365.732
27 43 366.713
27 44 367.721
27 45 368.751
27 46 369.798
27 47 370.858
27 48 371.927
27 49 373
28 0 373
28 1 371.94
28 2 370.884
28 3 369.837
28 4 368.803
28 5 367.787
28 6 366.791
28 7 365.822
28 8 364.882
28 9 363.975
28 10 363.105
28 11 362.276
28 12 361.491
28 13 360.753
28 14 360.066
28 15 359.432
28 16 358.854
28 17 358.333
28 18 357.873
28 19 357.475
28 20 357.141
28 21 356.873
28 22 356.67
28 23 356.534
28 24 356.466
28 25 356.466
28 26 356.534
28 27 356.67
28 28 356.873
28 29 357.141
28 30 357.475
28 31 357.873
28 32 358.333
28 33 358.854
28 34 359.432
28 35 360.066
28 36 360.753
28 37 361.491
28 38 362.276
28 39 363.105
28 40 363.975
28 41 364.882
28 42 365.822
28 43 366.791
28 44 367.787
28 45 368.803
28 46 369.837
28 47 370.884
28 48 371.94
28 49 373
29 0 373
29 1 371.958
29 2 370.92
29 3 369.89
29 4 368.873
29 5 367.874
29 6 366.895
29 7 365.941
29 8 365.017
29 9 364.125
29 10 363.27
29 11 362.455
29 12 361.683
29 13 360.958
29 14 360.282
29 15 359.658
29 16 359.089
29 17 358.578
29 18 358.126
29 19 357.734
29 20 357.406
29 21 357.141
29 22 356.942
29 23 356.809
29 24 356.742
29 25 356.742
29 26 356.809
29 27 356.942
29 28 357.141
29 29 357.406
29 30 357.734
29 31 358.126
29 32 358.578
29 33 359.089
29 34 359.658
29 35 360.282
29 36 360.958
29 37 361.683
29 38 362.455
29 39 363.27
29 40 364.125
29 41 365.017
29 42 365.941
29 43 366.895
29 44 367.874
29 45 368.873
29 46 369.89
29 47 370.92
29 48 371.958
29 49 373
30 0 373
30 1 371.98
30 2 370.963
30 3 369.956
30 4 368.96
30 5 367.982
30 6 367.024
30 7 366.09
30 8 365.185
30 9 364.312
30 10 363.475
30 11 362.677
30 12 361.921
30 13 361.211
30 14 360.55
30 15 359.939
30 16 359.382
30 17 358.882
30 18 358.439
30 19 358.056
30 20 357.734
30 21 357.475
30 22 357.28
30 23 357.15
30 24 357.085
30 25 357.085
30 26 357.15
30 27 357.28
30 28 357.475
30 29 357.734
30 30 358.056
30 31 358.439
30 32 358.882
30 33 359.382
30 34 359.939
30 35 360.55
30 36 361.211
30 37 361.921
30 38 362.677
30 39 363.475
30 40 364.312
30 41 365.185
30 42 366.09
30 43 367.024
30 44 367.982
30 45 368.96
30 46 369.956
30 47 370.963
30 48 371.98
30 49 373
31 0 373
31 1 372.006
31 2 371.016
31 3 370.034
31 4 369.064
31 5 368.11
31 6 367.177
31 7 366.267
31 8 365.385
31 9 364.535
31 10 363.719
31 11 362.941
31 12 362.205
31 13 361.513
31 14 360.869
31 15 360.274
31 16 359.731
31 17 359.243
31 18 358.812
31 19 358.439
31 20 358.126
31 21 357.873
31 22 357.683
31 23 357.556
31 24 357.492
31 25 357.492
31 26 357.556
31 27 357.683
31 28 357.873
31 29 358.126
31 30 358.439
31 31 358.812
31 32 359.243
31 33 359.731
31 34 360.274
31 35 360.869
31 36 361.513
31 37 362.205
31 38 362.941
31 39 363.719
31 40 364.535
31 41 365.385
31 42 366.267
31 43 367.177
31 44 368.11
31 45 369.064
31 46 370.034
31 47 371.016
31 48 372.006
31 49 373
32 0 373
32 1 372.036
32 2 371.076
32 3 370.124
32 4 369.183
32 5 368.259
32 6 367.354
32 7 366.472
32 8 365.617
32 9 364.792
32 10 364.001
32 11 363.247
32 12 362.533
32 13 361.863
32 14 361.238
32 15 360.661
32 16 360.135
32 17 359.662
32 18 359.243
32 19 358.882
32 20 358.578
32 21 358.333
32 22 358.149
32 23 358.026
32 24 357.964
32 25 357.964
32 26 358.026
32 27 358.149
32 28 358.333
32 29 358.578
32 30 358.882
32 31 359.243
32 32 359.662
32 33 360.135
32 34 360.661
32 35 361.238
32 36 361.863
32 37 362.533
32 38 363.247
32 39 364.001
32 40 364.792
32 41 365.617
32 42 366.472
32 43 367.354
32 44 368.259
32 45 369.183
32 46 370.124
32 47 371.076
32 48 372.036
32 49 373
33 0 373
33 1 372.07
33 2 371.144
33 3 370.226
33 4 369.319
33 5 368.427
33 6 367.554
33 7 366.703
33 8 365.879
33 9 365.083
33 10 364.32
33 11 363.593
33 12 362.905
33 13 362.258
33 14 361.655
33 15 361.099
33 16 360.591
33 17 360.135
33 18 359.731
33 19 359.382
33 20 359.089
33 21 358.854
33 22 358.676
33 23 358.557
33 24 358.497
33 25 358.497
33 26 358.557
33 27 358.676
33 28 358.854
33 29 359.089
33 30 359.382
33 31 359.731
33 32 360.135
33 33 360.591
33 34 361.099
33 35 361.655
33 36 362.258
33 37 362.905
33 38 363.593
33 39 364.32
33 40 365.083
33 41 365.879
33 42 366.703
33 43 367.554
33 44 368.427
33 45 369.319
33 46 370.226
33 47 371.144
33 48 372.07
33 49 373
34 0 373
34 1 372.108
34 2 371.22
34 3 370.339
34 4 369.469
34 5 368.614
34 6 367.777
34 7 366.961
34 8 366.17
34 9 365.407
34 10 364.675
34 11 363.978
34 12 363.317
34 13 362.697
34 14 362.119
34 15 361.585
34 16 361.099
34 17 360.661
34 18 360.274
34 19 359.939
34 20 359.658
34 21 359.432
34 22 359.261
34 23 359.147
34 24 359.09
34 25 359.09
34 26 359.147
34 27 359.261
34 28 359.432
34 29 359.658
34 30 359.939
34 31 360.274
34 32 360.661
34 33 361.099
34 34 361.585
34 35 362.119
34 36 362.697
34 37 363.317
34 38 363.978
34 39 364.675
34 40 365.407
34 41 366.17
34 42 366.961
34 43 367.777
34 44 368.614
34 45 369.469
34 46 370.339
34 47 371.22
34 48 372.108
34 49 373
35 0 373
35 1 372.15
35 2 371.303
35 3 370.464
35 4 369.634
35 5 368.819
35 6 368.021
35 7 367.243
35 8 366.489
35 9 365.762
35 10 365.064
35 11 364.399
35 12 363.77
35 13 363.178
35 14 362.627
35 15 362.119
35 16 361.655
35 17 361.238
35 18 360.869
35 19 360.55
35 20 360.282
35 21 360.066
35 22 359.904
35 23 359.795
35 24 359.74
35 25 359.74
35 26 359.795
35 27 359.904
35 28 360.066
35 29 360.282
35 30 360.55
35 31 360.869
35 32 361.238
35 33 361.655
35 34 362.119
35 35 362.627
35 36 363.178
35 37 363.77
35 38 364.399
35 39 365.064
35 40 365.762
35 41 366.489
35 42 367.243
35 43 368.021
35 44 368.819
35 45 369.634
35 46 370.464
35 47 371.303
35 48 372.15
35 49 373
36 0 373
36 1 372.195
36 2 371.393
36 3 370.598
36 4 369.813
36 5 369.041
36 6 368.285
36 7 367.549
36 8 366.835
36 9 366.146
36 10 365.486
36 11 364.857
36 12 364.26
36 13 363.7
36 14 363.178
36 15 362.697
36 16 362.258
36 17 361.863
36 18 361.513
36 19 361.211
36 20 360.958
36 21 360.753
36 22 360.599
36 23 360.497
36 24 360.445
36 25 360.445
36 26 360.497
36 27 360.599
36 28 360.753
36 29 360.958
36 30 361.211
36 31 361.513
36 32 361.863
36 33 362.258
36 34 362.697
36 35 363.178
36 36 363.7
36 37 364.26
36 38 364.857
36 39 365.486
36 40 366.146
36 41 366.835
36 42 367.549
36 43 368.285
36 44 369.041
36 45 369.813
36 46 370.598
36 47 371.393
36 48 372.195
36 49 373
37 0 373
37 1 372.244
37 2 371.49
37 3 370.743
37 4 370.005
37 5 369.28
37 6 368.569
37 7 367.877
37 8 367.206
37 9 366.559
37 10 365.939
37 11 365.347
37 12 364.787
37 13 364.26
37 14 363.77
37 15 363.317
37 16 362.905
37 17 362.533
37 18 362.205
37 19 361.921
37 20 361.683
37 21 361.491
37 22 361.346
37 23 361.25
37 24 361.201
37 25 361.201
37 26 361.25
37 27 361.346
37 28 361.491
37 29 361.683
37 30 361.921
37 31 362.205
37 32 362.533
37 33 362.905
37 34 363.317
37 35 363.77
37 36 364.26
37 37 364.787
37 38 365.347
37 39 365.939
37 40 366.559
37 41 367.206
37 42 367.877
37 43 368.569
37 44 369.28
37 45 370.005
37 46 370.743
37 47 371.49
37 48 372.244
37 49 373
38 0 373
38 1 372.295
38 2 371.593
38 3 370.897
38 4 370.209
38 5 369.533
38 6 368.872
38 7 368.227
38 8 367.602
38 9 366.999
38 10 366.42
38 11 365.869
38 12 365.347
38 13 364.857
38 14 364.399
38 15 363.978
38 16 363.593
38 17 363.247
38 18 362.941
38 19 362.677
38 20 362.455
38 21 362.276
38 22 362.141
38 23 362.051
38 24 362.006
38 25 362.006
38 26 362.051
38 27 362.141
38 28 362.276
38 29 362.455
38 30 362.677
38 31 362.941
38 32 363.247
38 33 363.593
38 34 363.978
38 35 364.399
38 36 364.857
38 37 365.347
38 38 365.869
38 39 366.42
38 40 366.999
38 41 367.602
38 42 368.227
38 43 368.872
38 44 369.533
38 45 370.209
38 46 370.897
38 47 371.593
38 48 372.295
38 49 373
39 0 373
39 1 372.35
39 2 371.702
39 3 371.06
39 4 370.425
39 5 369.801
39 6 369.191
39 7 368.596
39 8 368.019
39 9 367.463
39 10 366.929
39 11 366.42
39 12 365.939
39 13 365.486
39 14 365.064
39 15 364.675
39 16 364.32
39 17 364.001
39 18 363.719
39 19 363.475
39 20 363.27
39 21 363.105
39 22 362.981
39 23 362.897
39 24 362.856
39 25 362.856
39 26 362.897
39 27 362.981
39 28 363.105
39 29 363.27
39 30 363.475
39 31 363.719
39 32 364.001
39 33 364.32
39 34 364.675
39 35 365.064
39 36 365.486
39 37 365.939
39 38 366.42
39 39 366.929
39 40 367.463
39 41 368.019
39 42 368.596
39 43 369.191
39 44 369.801
39 45 370.425
39 46 371.06
39 47 371.702
39 48 372.35
39 49 373
40 0 373
40 1 372.407
40 2 371.816
40 3 371.23
40 4 370.651
40 5 370.083
40 6 369.526
40 7 368.983
40 8 368.457
40 9 367.949
40 10 367.463
40 11 366.999
40 12 366.559
40 13 366.146
40 14 365.762
40 15 365.407
40 16 365.083
40 17 364.792
40 18 364.535
40 19 364.312
40 20 364.125
40 21 363.975
40 22 363.861
40 23 363.785
40 24 363.747
40 25 363.747
40 26 363.785
40 27 363.861
40 28 363.975
40 29 364.125
40 30 364.312
40 31 364.535
40 32 364.792
40 33 365.083
40 34 365.407
40 35 365.762
40 36 366.146
40 37 366.559
40 38 366.999
40 39 367.463
40 40 367.949
40 41 368.457
40 42 368.983
40 43 369.526
40 44 370.083
40 45 370.651
40 46 371.23
40 47 371.816
40 48 372.407
40 49 373
41 0 373
41 1 372.466
41 2 371.935
41 3 371.408
41 4 370.887
41 5 370.376
41 6 369.875
41 7 369.386
41 8 368.913
41 9 368.457
41 10 368.019
41 11 367.602
41 12 367.206
41 13 366.835
41 14 366.489
41 15 366.17
41 16 365.879
41 17 365.617
41 18 365.385
41 19 365.185
41 20 365.017
41 21 364.882
41 22 364.779
41 23 364.711
41 24 364.677
41 25 364.677
41 26 364.711
41 27 364.779
41 28 364.882
41 29 365.017
41 30 365.185
41 31 365.385
41 32 365.617
41 33 365.879
41 34 366.17
41 35 366.489
41 36 366.835
41 37 367.206
41 38 367.602
41 39 368.019
41 40 368.457
41 41 368.913
41 42 369.386
41 43 369.875
41 44 370.376
41 45 370.887
41 46 371.408
41 47 371.935
41 48 372.466
41 49 373
42 0 373
42 1 372.528
42 2 372.058
42 3 371.592
42 4 371.132
42 5 370.68
42 6 370.237
42 7 369.805
42 8 369.386
42 9 368.983
42 10 368.596
42 11 368.227
42 12 367.877
42 13 367.549
42 14 367.243
42 15 366.961
42 16 366.703
42 17 366.472
42 18 366.267
42 19 366.09
42 20 365.941
42 21 365.822
42 22 365.732
42 23 365.671
42 24 365.641
42 25 365.641
42 26 365.671
42 27 365.732
42 28 365.822
42 29 365.941
42 30 366.09
42 31 366.267
42 32 366.472
42 33 366.703
42 34 366.961
42 35 367.243
42 36 367.549
42 37 367.877
42 38 368.227
42 39 368.596
42 40 368.983
42 41 369.386
42 42 369.805
42 43 370.237
42 44 370.68
42 45 371.132
42 46 371.592
42 47 372.058
42 48 372.528
42 49 373
43 0 373
43 1 372.592
43 2 372.186
43 3 371.782
43 4 371.384
43 5 370.993
43 6 370.61
43 7 370.237
43 8 369.875
43 9 369.526
43 10 369.191
43 11 368.872
43 12 368.569
43 13 368.285
43 14 368.021
43 15 367.777
43 16 367.554
43 17 367.354
43 18 367.177
43 19 367.024
43 20 366.895
43 21 366.791
43 22 366.713
43 23 366.661
43 24 366.635
43 25 366.635
43 26 366.661
43 27 366.713
43 28 366.791
43 29 366.895
43 30 367.024
43 31 367.177
43 32 367.354
43 33 367.554
43 34 367.777
43 35 368.021
43 36 368.285
43 37 368.569
43 38 368.872
43 39 369.191
43 40 369.526
43 41 369.875
43 42 370.237
43 43 370.61
43 44 370.993
43 45 371.384
43 46 371.782
43 47 372.186
43 48 372.592
43 49 373
44 0 373
44 1 372.657
44 2 372.316
44 3 371.978
44 4 371.643
44 5 371.315
44 6 370.993
44 7 370.68
44 8 370.376
44 9 370.083
44 10 369.801
44 11 369.533
44 12 369.28
44 13 369.041
44 14 368.819
44 15 368.614
44 16 368.427
44 17 368.259
44 18 368.11
44 19 367.982
44 20 367.874
44 21 367.787
44 22 367.721
44 23 367.677
44 24 367.655
44 25 367.655
44 26 367.677
44 27 367.721
44 28 367.787
44 29 367.874
44 30 367.982
44 31 368.11
44 32 368.259
44 33 368.427
44 34 368.614
44 35 368.819
44 36 369.041
44 37 369.28
44 38 369.533
44 39 369.801
44 40 370.083
44 41 370.376
44 42 370.68
44 43 370.993
44 44 371.315
44 45 371.643
44 46 371.978
44 47 372.316
44 48 372.657
44 49 373
45 0 373
45 1 372.724
45 2 372.449
45 3 372.177
45 4 371.908
45 5 371.643
45 6 371.384
45 7 371.132
45 8 370.887
45 9 370.651
45 10 370.425
45 11 370.209
45 12 370.005
45 13 369.813
45 14 369.634
45 15 369.469
45 16 369.319
45 17 369.183
45 18 369.064
45 19 368.96
45 20 368.873
45 21 368.803
45 22 368.751
45 23 368.715
45 24 368.698
45 25 368.698
45 26 368.715
45 27 368.751
45 28 368.803
45 29 368.873
45 30 368.96
45 31 369.064
45 32 369.183
45 33 369.319
45 34 369.469
45 35 369.634
45 36 369.813
45 37 370.005
45 38 370.209
45 39 370.425
45 40 370.651
45 41 370.887
45 42 371.132
45 43 371.384
45 44 371.643
45 45 371.908
45 46 372.177
45 47 372.449
45 48 372.724
45 49 373
46 0 373
46 1 372.792
46 2 372.585
46 3 372.38
46 4 372.177
46 5 371.978
46 6 371.782
46 7 371.592
46 8 371.408
46 9 371.23
46 10 371.06
46 11 370.897
46 12 370.743
46 13 370.598
46 14 370.464
46 15 370.339
46 16 370.226
46 17 370.124
46 18 370.034
46 19 369.956
46 20 369.89
46 21 369.837
46 22 369.798
46 23 369.771
46 24 369.758
46 25 369.758
46 26 369.771
46 27 369.798
46 28 369.837
46 29 369.89
46 30 369.956
46 31 370.034
46 32 370.124
46 33 370.226
46 34 370.339
46 35 370.464
46 36 370.598
46 37 370.743
46 38 370.897
46 39 371.06
46 40 371.23
46 41 371.408
46 42 371.592
46 43 371.782
46 44 371.978
46 45 372.177
46 46 372.38
46 47 372.585
46 48 372.792
46 49 373
47 0 373
47 1 372.861
47 2 372.722
47 3 372.585
47 4 372.449
47 5 372.316
47 6 372.186
47 7 372.058
47 8 371.935
47 9 371.816
47 10 371.702
47 11 371.593
47 12 371.49
47 13 371.393
47 14 371.303
47 15 371.22
47 16 371.144
47 17 371.076
47 18 371.016
47 19 370.963
47 20 370.92
47 21 370.884
47 22 370.858
47 23 370.84
47 24 370.831
47 25 370.831
47 26 370.84
47 27 370.858
47 28 370.884
47 29 370.92
47 30 370.963
47 31 371.016
47 32 371.076
47 33 371.144
47 34 371.22
47 35 371.303
47 36 371.393
47 37 371.49
47 38 371.593
47 39 371.702
47 40 371.816
47 41 371.935
47 42 372.058
47 43 372.186
47 44 372.316
47 45 372.449
47 46 372.585
47 47 372.722
47 48 372.861
47 49 373
48 0 373
48 1 372.93
48 2 372.861
48 3 372.792
48 4 372.724
48 5 372.657
48 6 372.592
48 7 372.528
48 8 372.466
48 9 372.407
48 10 372.35
48 11 372.295
48 12 372.244
48 13 372.195
48 14 372.15
48 15 372.108
48 16 372.07
48 17 372.036
48 18 372.006
48 19 371.98
48 20 371.958
48 21 371.94
48 22 371.927
48 23 371.918
48 24 371.913
48 25 371.913
48 26 371.918
48 27 371.927
48 28 371.94
48 29 371.958
48 30 371.98
48 31 372.006
48 32 372.036
48 33 372.07
48 34 372.108
48 35 372.15
48 36 372.195
48 37 372.244
48 38 372.295
48 39 372.35
48 40 372.407
48 41 372.466
48 42 372.528
48 43 372.592
48 44 372.657
48 45 372.724
48 46 372.792
48 47 372.861
48 48 372.93
48 49 373
49 0 373
49 1 373
49 2 373
49 3 373
49 4 373
49 5 373
49 6 373
49 7 373
49 8 373
49 9 373
49 10 373
49 11 373
49 12 373
49 13 373
49 14 373
49 15 373
49 16 373
49 17 373
49 18 373
49 19 373
49 20 373
49 21 373
49 22 373
49 23 373
49 24 373
49 25 373
49 26 373
49 27 373
49 28 373
49 29 373
49 30 373
49 31 373
49 32 373
49 33 373
49 34 373
49 35 373
49 36 373
49 37 373
49 38 373
49 39 373
49 40 373
49 41 373
49 42 373
49 43 373
49 44 373
49 45 373
49 46 373
49 47 373
49 48 373
49 49 373
